tests_characterisation/test_topographic/topo_expected_output/mh_s.asc
ncols         244
nrows         213
xllcorner     562275.0
yllcorner     1449255.0
cellsize       91.363586
[rows 38 to 75 of 213, columns 84 to 167 of 244]
1.08 1.04 1.08 1.04 1.08 1.02 1.06 1.01 1.04 1.07 1.08 1.09 1.08 1.07 1.08 1.12 1.19 1.17 1.11 1.13 1.17 1.20 1.24 1.29 1.27 1.28 1.31 1.33 1.35 1.33 1.35 1.38 1.29 1.35 1.38 1.39 1.40 1.40 1.42 1.45 1.46 1.52 1.60 1.54 1.56 1.58 1.53 1.55 1.57 1.58 1.58 1.57 1.56 1.55 1.71 1.71 1.71 1.71 1.71 1.70 1.67 1.64 1.61 1.57 1.54 1.48 1.46 1.44 1.44 1.42 1.40 1.37 1.35 1.34 1.32 1.31 1.22 1.21 1.21 1.24 1.23 1.20 1.18 1.17
1.14 1.11 1.08 1.06 1.08 1.04 1.07 1.02 1.05 1.07 1.08 1.09 1.08 1.09 1.09 1.12 1.23 1.19 1.14 1.13 1.28 1.29 1.16 1.22 1.27 1.29 1.32 1.34 1.36 1.34 1.40 1.29 1.23 1.27 1.39 1.38 1.33 1.33 1.34 1.46 1.48 1.44 1.51 1.46 1.48 1.52 1.47 1.49 1.52 1.53 1.53 1.53 1.51 1.50 1.65 1.65 1.65 1.65 1.65 1.63 1.71 1.58 1.65 1.61 1.57 1.51 1.49 1.46 1.46 1.44 1.42 1.39 1.37 1.36 1.34 1.32 1.24 1.22 1.22 1.25 1.24 1.21 1.19 1.18
1.04 1.06 1.08 1.07 1.09 1.08 1.07 1.04 1.08 1.09 1.08 1.09 1.08 1.11 1.10 1.13 1.26 1.21 1.17 1.13 1.18 1.21 1.17 1.23 1.28 1.30 1.33 1.35 1.37 1.35 1.46 1.22 1.23 1.23 1.40 1.39 1.26 1.28 1.27 1.47 1.49 1.35 1.42 1.38 1.45 1.45 1.41 1.43 1.48 1.49 1.48 1.48 1.52 1.45 1.59 1.59 1.59 1.58 1.58 1.57 1.64 1.53 1.59 1.55 1.52 1.54 1.45 1.43 1.42 1.41 1.38 1.36 1.38 1.37 1.35 1.34 1.27 1.29 1.27 1.30 1.25 1.22 1.20 1.19
1.03 1.07 1.08 1.09 1.11 1.13 1.08 1.06 1.12 1.13 1.09 1.10 1.13 1.13 1.12 1.17 1.17 1.23 1.19 1.15 1.18 1.22 1.19 1.23 1.29 1.31 1.33 1.35 1.37 1.36 1.38 1.23 1.23 1.23 1.41 1.39 1.25 1.28 1.27 1.48 1.50 1.27 1.34 1.30 1.46 1.38 1.41 1.38 1.43 1.44 1.44 1.43 1.54 1.39 1.53 1.53 1.52 1.51 1.52 1.50 1.57 1.47 1.53 1.49 1.47 1.49 1.40 1.39 1.38 1.37 1.35 1.33 1.40 1.39 1.37 1.35 1.31 1.25 1.25 1.28 1.26 1.23 1.21 1.20
1.04 1.09 1.09 1.10 1.20 1.07 1.07 1.09 1.16 1.17 1.12 1.17 1.18 1.13 1.13 1.17 1.17 1.18 1.22 1.18 1.23 1.32 1.31 1.24 1.29 1.31 1.34 1.36 1.38 1.37 1.39 1.23 1.23 1.24 1.42 1.40 1.26 1.28 1.27 1.49 1.51 1.27 1.27 1.27 1.47 1.32 1.42 1.32 1.38 1.40 1.39 1.38 1.55 1.34 1.46 1.47 1.46 1.44 1.45 1.44 1.50 1.42 1.47 1.44 1.42 1.44 1.36 1.35 1.35 1.33 1.32 1.30 1.41 1.40 1.38 1.37 1.39 1.29 1.27 1.29 1.27 1.24 1.22 1.21
1.05 1.08 1.08 1.06 1.10 1.05 1.08 1.12 1.21 1.21 1.10 1.11 1.13 1.15 1.15 1.19 1.19 1.15 1.26 1.26 1.27 1.48 1.43 1.27 1.30 1.32 1.35 1.37 1.39 1.38 1.40 1.23 1.24 1.24 1.43 1.41 1.26 1.29 1.28 1.51 1.52 1.28 1.27 1.28 1.48 1.27 1.43 1.28 1.33 1.35 1.35 1.34 1.57 1.29 1.40 1.41 1.39 1.37 1.38 1.37 1.43 1.36 1.41 1.38 1.37 1.39 1.32 1.31 1.31 1.30 1.29 1.27 1.38 1.37 1.40 1.38 1.47 1.37 1.35 1.30 1.28 1.26 1.23 1.22
1.05 1.08 1.08 1.06 1.11 1.07 1.10 1.11 1.12 1.12 1.12 1.12 1.14 1.17 1.17 1.21 1.20 1.15 1.29 1.36 1.26 1.23 1.17 1.31 1.29 1.33 1.36 1.38 1.40 1.39 1.41 1.23 1.24 1.24 1.44 1.42 1.27 1.29 1.28 1.52 1.54 1.28 1.27 1.28 1.49 1.27 1.44 1.28 1.33 1.31 1.30 1.29 1.58 1.26 1.34 1.35 1.33 1.31 1.32 1.37 1.36 1.30 1.35 1.33 1.32 1.34 1.28 1.29 1.27 1.26 1.26 1.24 1.34 1.33 1.36 1.35 1.31 1.45 1.43 1.31 1.29 1.27 1.24 1.22
1.06 1.09 1.08 1.07 1.11 1.08 1.11 1.12 1.13 1.14 1.14 1.13 1.16 1.20 1.19 1.23 1.22 1.15 1.33 1.27 1.30 1.23 1.18 1.34 1.27 1.31 1.34 1.36 1.38 1.40 1.42 1.24 1.24 1.25 1.45 1.43 1.27 1.30 1.29 1.53 1.55 1.29 1.28 1.29 1.50 1.28 1.45 1.29 1.34 1.27 1.27 1.27 1.60 1.26 1.28 1.29 1.27 1.24 1.25 1.38 1.36 1.25 1.29 1.27 1.27 1.29 1.23 1.30 1.23 1.27 1.22 1.21 1.30 1.30 1.32 1.31 1.33 1.31 1.31 1.28 1.30 1.28 1.25 1.23
1.07 1.10 1.08 1.08 1.12 1.09 1.13 1.14 1.14 1.16 1.15 1.15 1.17 1.22 1.20 1.25 1.24 1.21 1.37 1.31 1.35 1.24 1.18 1.38 1.26 1.30 1.33 1.35 1.36 1.38 1.40 1.23 1.25 1.25 1.46 1.44 1.27 1.30 1.29 1.54 1.56 1.29 1.28 1.29 1.51 1.28 1.46 1.29 1.34 1.28 1.28 1.27 1.62 1.26 1.25 1.26 1.22 1.24 1.22 1.38 1.37 1.21 1.23 1.21 1.22 1.24 1.19 1.32 1.20 1.28 1.19 1.18 1.26 1.26 1.29 1.28 1.34 1.33 1.33 1.25 1.28 1.29 1.26 1.24
1.08 1.10 1.08 1.09 1.12 1.11 1.14 1.16 1.15 1.18 1.17 1.16 1.19 1.24 1.17 1.20 1.19 1.28 1.41 1.34 1.39 1.24 1.18 1.27 1.25 1.29 1.31 1.33 1.34 1.36 1.38 1.23 1.24 1.24 1.44 1.44 1.28 1.31 1.30 1.55 1.57 1.29 1.29 1.30 1.52 1.29 1.47 1.30 1.35 1.28 1.28 1.27 1.63 1.27 1.26 1.26 1.23 1.24 1.23 1.39 1.37 1.21 1.20 1.19 1.18 1.22 1.17 1.33 1.16 1.29 1.16 1.15 1.22 1.23 1.25 1.24 1.36 1.34 1.34 1.22 1.25 1.26 1.24 1.22
1.08 1.11 1.09 1.10 1.13 1.12 1.16 1.17 1.17 1.20 1.19 1.17 1.20 1.19 1.13 1.15 1.15 1.35 1.29 1.24 1.26 1.23 1.17 1.27 1.24 1.27 1.29 1.31 1.32 1.34 1.35 1.23 1.24 1.24 1.42 1.43 1.27 1.30 1.29 1.56 1.58 1.30 1.29 1.30 1.53 1.29 1.47 1.30 1.35 1.29 1.28 1.28 1.65 1.27 1.26 1.27 1.23 1.25 1.23 1.40 1.38 1.21 1.20 1.20 1.18 1.22 1.17 1.34 1.16 1.30 1.17 1.14 1.18 1.19 1.21 1.21 1.31 1.36 1.36 1.19 1.22 1.23 1.21 1.20
1.09 1.12 1.09 1.11 1.13 1.14 1.17 1.19 1.18 1.22 1.20 1.14 1.16 1.15 1.10 1.14 1.16 1.42 1.18 1.15 1.21 1.23 1.17 1.27 1.23 1.26 1.28 1.29 1.31 1.32 1.33 1.22 1.23 1.24 1.40 1.41 1.27 1.29 1.29 1.54 1.56 1.29 1.30 1.31 1.54 1.29 1.48 1.31 1.36 1.29 1.29 1.28 1.67 1.28 1.26 1.27 1.23 1.25 1.23 1.40 1.39 1.21 1.20 1.20 1.18 1.22 1.18 1.36 1.16 1.31 1.17 1.14 1.15 1.16 1.18 1.17 1.27 1.31 1.31 1.17 1.19 1.20 1.19 1.17
1.10 1.12 1.09 1.12 1.14 1.15 1.19 1.21 1.19 1.18 1.16 1.11 1.12 1.12 1.11 1.14 1.16 1.23 1.13 1.19 1.21 1.22 1.17 1.28 1.22 1.24 1.26 1.27 1.29 1.30 1.31 1.22 1.23 1.23 1.38 1.39 1.26 1.29 1.28 1.52 1.53 1.29 1.29 1.30 1.52 1.30 1.49 1.31 1.36 1.29 1.29 1.29 1.68 1.28 1.27 1.27 1.23 1.25 1.23 1.41 1.39 1.22 1.20 1.20 1.18 1.22 1.18 1.37 1.16 1.32 1.17 1.14 1.16 1.13 1.14 1.13 1.22 1.27 1.27 1.14 1.16 1.18 1.16 1.15
1.11 1.13 1.09 1.13 1.14 1.17 1.20 1.22 1.20 1.13 1.12 1.11 1.12 1.13 1.12 1.14 1.16 1.17 1.13 1.25 1.21 1.21 1.16 1.28 1.20 1.23 1.25 1.26 1.27 1.28 1.29 1.21 1.22 1.23 1.36 1.38 1.26 1.28 1.28 1.49 1.51 1.28 1.29 1.30 1.50 1.29 1.48 1.31 1.37 1.30 1.30 1.29 1.70 1.28 1.27 1.28 1.24 1.26 1.24 1.42 1.40 1.22 1.20 1.20 1.18 1.23 1.18 1.38 1.16 1.33 1.17 1.14 1.16 1.13 1.13 1.13 1.18 1.22 1.22 1.14 1.14 1.15 1.13 1.13
1.12 1.14 1.09 1.14 1.15 1.18 1.22 1.24 1.18 1.09 1.11 1.11 1.12 1.14 1.14 1.15 1.20 1.18 1.13 1.32 1.22 1.20 1.16 1.29 1.19 1.21 1.23 1.24 1.25 1.26 1.27 1.21 1.22 1.22 1.34 1.36 1.25 1.28 1.27 1.47 1.48 1.28 1.28 1.29 1.48 1.29 1.46 1.30 1.36 1.29 1.29 1.29 1.71 1.29 1.27 1.28 1.24 1.26 1.24 1.42 1.41 1.22 1.21 1.20 1.19 1.23 1.18 1.40 1.16 1.34 1.17 1.14 1.16 1.13 1.13 1.13 1.13 1.18 1.18 1.14 1.11 1.12 1.11 1.11
1.12 1.14 1.09 1.15 1.15 1.20 1.19 1.20 1.15 1.09 1.12 1.11 1.13 1.15 1.18 1.15 1.25 1.22 1.24 1.38 1.21 1.19 1.16 1.27 1.18 1.20 1.21 1.22 1.23 1.24 1.25 1.21 1.22 1.22 1.32 1.34 1.25 1.27 1.26 1.45 1.46 1.27 1.28 1.29 1.46 1.28 1.45 1.30 1.35 1.29 1.29 1.29 1.67 1.28 1.27 1.28 1.24 1.26 1.24 1.43 1.41 1.22 1.21 1.21 1.19 1.23 1.18 1.41 1.16 1.35 1.17 1.14 1.16 1.13 1.13 1.13 1.12 1.15 1.14 1.14 1.10 1.13 1.12 1.09
1.13 1.15 1.09 1.17 1.16 1.21 1.15 1.17 1.12 1.13 1.12 1.11 1.14 1.16 1.22 1.15 1.30 1.27 1.40 1.21 1.20 1.18 1.15 1.26 1.17 1.19 1.20 1.20 1.21 1.22 1.22 1.20 1.21 1.22 1.30 1.33 1.24 1.27 1.26 1.42 1.43 1.27 1.27 1.28 1.44 1.28 1.43 1.29 1.34 1.28 1.28 1.28 1.62 1.28 1.27 1.28 1.24 1.26 1.25 1.44 1.42 1.23 1.21 1.21 1.19 1.23 1.18 1.42 1.17 1.36 1.18 1.15 1.16 1.14 1.13 1.13 1.13 1.16 1.15 1.14 1.10 1.14 1.14 1.11
1.14 1.15 1.09 1.14 1.14 1.18 1.12 1.13 1.09 1.16 1.14 1.11 1.25 1.28 1.26 1.15 1.18 1.19 1.14 1.15 1.19 1.17 1.15 1.24 1.16 1.17 1.18 1.19 1.19 1.20 1.20 1.20 1.21 1.21 1.28 1.31 1.24 1.26 1.25 1.40 1.41 1.26 1.27 1.28 1.42 1.27 1.42 1.28 1.34 1.28 1.28 1.28 1.57 1.27 1.26 1.27 1.23 1.25 1.24 1.42 1.40 1.23 1.21 1.21 1.19 1.24 1.19 1.44 1.17 1.37 1.18 1.15 1.16 1.14 1.13 1.13 1.13 1.16 1.15 1.14 1.11 1.15 1.15 1.13
1.15 1.16 1.09 1.12 1.13 1.15 1.08 1.09 1.07 1.20 1.25 1.11 1.37 1.47 1.18 1.15 1.18 1.19 1.14 1.16 1.18 1.16 1.15 1.23 1.14 1.16 1.17 1.17 1.17 1.18 1.18 1.19 1.20 1.21 1.26 1.29 1.23 1.25 1.25 1.37 1.38 1.26 1.26 1.27 1.40 1.27 1.40 1.28 1.33 1.27 1.27 1.27 1.52 1.27 1.26 1.27 1.23 1.25 1.24 1.40 1.38 1.22 1.21 1.21 1.19 1.24 1.19 1.45 1.17 1.38 1.18 1.15 1.17 1.14 1.13 1.13 1.13 1.16 1.15 1.15 1.11 1.16 1.16 1.14
1.15 1.15 1.09 1.10 1.12 1.11 1.08 1.08 1.08 1.24 1.36 1.11 1.17 1.19 1.19 1.14 1.18 1.19 1.14 1.16 1.17 1.16 1.14 1.21 1.13 1.14 1.15 1.15 1.15 1.16 1.16 1.19 1.20 1.20 1.24 1.28 1.23 1.25 1.24 1.35 1.36 1.25 1.26 1.27 1.38 1.26 1.38 1.27 1.32 1.27 1.27 1.27 1.47 1.26 1.25 1.26 1.23 1.24 1.23 1.38 1.37 1.22 1.21 1.20 1.19 1.24 1.19 1.46 1.17 1.39 1.18 1.15 1.17 1.14 1.13 1.13 1.13 1.16 1.15 1.15 1.11 1.17 1.18 1.16
1.16 1.13 1.09 1.07 1.11 1.08 1.10 1.10 1.08 1.13 1.16 1.11 1.18 1.20 1.20 1.14 1.19 1.20 1.14 1.15 1.17 1.15 1.14 1.20 1.12 1.13 1.13 1.13 1.13 1.14 1.14 1.18 1.19 1.20 1.22 1.26 1.22 1.24 1.24 1.33 1.33 1.25 1.25 1.26 1.36 1.26 1.37 1.27 1.31 1.26 1.26 1.26 1.42 1.26 1.25 1.26 1.22 1.24 1.23 1.37 1.35 1.22 1.20 1.20 1.19 1.23 1.18 1.42 1.17 1.36 1.18 1.15 1.17 1.14 1.14 1.14 1.13 1.16 1.15 1.15 1.13 1.17 1.19 1.17
1.17 1.11 1.08 1.08 1.09 1.08 1.11 1.11 1.11 1.13 1.16 1.11 1.18 1.21 1.21 1.14 1.18 1.19 1.13 1.15 1.16 1.14 1.14 1.18 1.11 1.11 1.12 1.12 1.12 1.13 1.12 1.18 1.19 1.19 1.20 1.24 1.22 1.24 1.23 1.30 1.30 1.25 1.25 1.26 1.34 1.25 1.35 1.26 1.30 1.26 1.26 1.26 1.37 1.25 1.24 1.25 1.22 1.24 1.23 1.35 1.34 1.21 1.20 1.20 1.19 1.23 1.18 1.38 1.16 1.33 1.18 1.15 1.17 1.14 1.14 1.14 1.13 1.16 1.16 1.15 1.14 1.18 1.20 1.19
1.15 1.10 1.08 1.09 1.08 1.08 1.12 1.12 1.13 1.15 1.17 1.11 1.16 1.18 1.18 1.13 1.17 1.18 1.13 1.15 1.15 1.13 1.13 1.17 1.10 1.10 1.11 1.11 1.12 1.13 1.12 1.18 1.19 1.19 1.18 1.23 1.21 1.23 1.23 1.28 1.28 1.24 1.24 1.25 1.33 1.25 1.34 1.26 1.30 1.25 1.25 1.25 1.33 1.25 1.24 1.25 1.22 1.23 1.22 1.33 1.32 1.21 1.20 1.19 1.18 1.22 1.18 1.34 1.16 1.30 1.18 1.15 1.16 1.14 1.13 1.13 1.13 1.17 1.16 1.15 1.16 1.19 1.22 1.20
1.13 1.08 1.08 1.10 1.08 1.09 1.14 1.14 1.16 1.16 1.15 1.11 1.13 1.15 1.15 1.13 1.16 1.17 1.13 1.14 1.14 1.12 1.13 1.15 1.10 1.09 1.11 1.11 1.13 1.13 1.12 1.17 1.18 1.19 1.16 1.21 1.21 1.22 1.22 1.26 1.25 1.24 1.24 1.24 1.31 1.24 1.32 1.25 1.29 1.25 1.25 1.25 1.28 1.24 1.24 1.24 1.21 1.23 1.22 1.31 1.30 1.21 1.19 1.19 1.18 1.22 1.17 1.30 1.16 1.27 1.17 1.14 1.16 1.14 1.13 1.13 1.13 1.16 1.15 1.15 1.18 1.20 1.23 1.22
1.11 1.07 1.08 1.11 1.08 1.12 1.15 1.15 1.18 1.12 1.12 1.11 1.11 1.12 1.11 1.12 1.15 1.16 1.12 1.14 1.13 1.11 1.13 1.14 1.10 1.08 1.11 1.11 1.13 1.13 1.12 1.17 1.18 1.18 1.14 1.19 1.20 1.22 1.22 1.23 1.23 1.23 1.23 1.24 1.29 1.24 1.31 1.25 1.28 1.24 1.24 1.24 1.23 1.24 1.23 1.24 1.21 1.22 1.21 1.29 1.29 1.20 1.19 1.19 1.18 1.21 1.17 1.26 1.16 1.24 1.17 1.14 1.16 1.13 1.13 1.13 1.12 1.16 1.15 1.14 1.19 1.17 1.19 1.23
1.08 1.05 1.08 1.12 1.08 1.14 1.11 1.11 1.20 1.09 1.10 1.11 1.10 1.12 1.11 1.12 1.14 1.15 1.12 1.14 1.12 1.10 1.13 1.13 1.10 1.08 1.11 1.11 1.13 1.13 1.13 1.16 1.17 1.18 1.12 1.18 1.20 1.21 1.21 1.21 1.20 1.23 1.23 1.23 1.27 1.24 1.29 1.24 1.27 1.24 1.24 1.24 1.18 1.23 1.23 1.23 1.21 1.22 1.21 1.28 1.27 1.20 1.19 1.18 1.17 1.21 1.17 1.22 1.15 1.21 1.17 1.14 1.15 1.13 1.13 1.13 1.12 1.15 1.14 1.14 1.21 1.15 1.15 1.19
1.06 1.03 1.08 1.13 1.09 1.17 1.09 1.10 1.13 1.09 1.10 1.10 1.10 1.13 1.11 1.12 1.13 1.14 1.12 1.13 1.12 1.10 1.12 1.11 1.11 1.09 1.11 1.12 1.13 1.14 1.13 1.16 1.17 1.17 1.11 1.16 1.19 1.21 1.21 1.18 1.18 1.22 1.22 1.23 1.25 1.23 1.28 1.24 1.26 1.23 1.23 1.23 1.14 1.23 1.22 1.23 1.20 1.22 1.21 1.26 1.25 1.19 1.18 1.18 1.17 1.20 1.17 1.18 1.15 1.18 1.16 1.14 1.15 1.13 1.13 1.13 1.12 1.15 1.14 1.13 1.22 1.12 1.11 1.14
1.04 1.02 1.07 1.14 1.09 1.09 1.09 1.11 1.11 1.09 1.10 1.10 1.10 1.14 1.11 1.11 1.12 1.13 1.12 1.13 1.11 1.09 1.12 1.10 1.11 1.09 1.11 1.12 1.13 1.14 1.13 1.16 1.16 1.17 1.11 1.14 1.19 1.20 1.20 1.16 1.15 1.22 1.22 1.22 1.23 1.23 1.26 1.23 1.25 1.23 1.23 1.23 1.14 1.22 1.22 1.22 1.20 1.21 1.20 1.24 1.24 1.19 1.18 1.18 1.17 1.20 1.16 1.14 1.15 1.15 1.16 1.13 1.15 1.13 1.12 1.12 1.12 1.14 1.13 1.13 1.24 1.10 1.12 1.10
1.02 1.00 1.07 1.11 1.09 1.10 1.11 1.11 1.11 1.13 1.10 1.10 1.10 1.14 1.11 1.11 1.11 1.12 1.11 1.13 1.10 1.08 1.12 1.11 1.11 1.09 1.12 1.12 1.14 1.14 1.13 1.15 1.16 1.16 1.11 1.13 1.18 1.20 1.20 1.14 1.13 1.21 1.21 1.22 1.21 1.22 1.24 1.23 1.25 1.22 1.22 1.22 1.14 1.22 1.21 1.22 1.20 1.21 1.20 1.22 1.22 1.19 1.18 1.17 1.16 1.19 1.16 1.14 1.15 1.12 1.16 1.13 1.14 1.13 1.12 1.12 1.12 1.14 1.13 1.13 1.19 1.10 1.12 1.10
1.00 1.00 1.07 1.08 1.09 1.15 1.17 1.16 1.17 1.20 1.11 1.10 1.10 1.15 1.11 1.11 1.10 1.11 1.11 1.12 1.09 1.08 1.11 1.11 1.12 1.09 1.12 1.12 1.14 1.14 1.13 1.15 1.16 1.16 1.11 1.11 1.18 1.19 1.19 1.11 1.11 1.21 1.21 1.21 1.19 1.22 1.23 1.22 1.24 1.22 1.22 1.22 1.14 1.21 1.21 1.21 1.19 1.20 1.19 1.21 1.20 1.18 1.17 1.17 1.16 1.19 1.16 1.14 1.14 1.12 1.15 1.13 1.14 1.12 1.12 1.12 1.11 1.13 1.12 1.12 1.14 1.11 1.12 1.10
1.00 1.00 1.07 1.07 1.09 1.19 1.23 1.23 1.23 1.26 1.11 1.10 1.10 1.16 1.11 1.10 1.09 1.10 1.11 1.12 1.08 1.08 1.11 1.11 1.12 1.09 1.12 1.12 1.14 1.14 1.13 1.14 1.15 1.16 1.12 1.09 1.17 1.18 1.19 1.10 1.11 1.20 1.20 1.21 1.17 1.21 1.21 1.22 1.23 1.21 1.21 1.21 1.14 1.21 1.21 1.21 1.19 1.20 1.19 1.19 1.19 1.18 1.17 1.17 1.16 1.18 1.15 1.14 1.14 1.12 1.15 1.13 1.14 1.12 1.12 1.12 1.11 1.13 1.12 1.12 1.15 1.11 1.14 1.10
1.00 1.00 1.07 1.08 1.10 1.10 1.10 1.12 1.12 1.10 1.11 1.09 1.10 1.17 1.11 1.10 1.08 1.09 1.11 1.11 1.08 1.08 1.11 1.11 1.12 1.10 1.12 1.12 1.14 1.14 1.13 1.14 1.15 1.15 1.12 1.10 1.17 1.18 1.18 1.10 1.11 1.20 1.20 1.20 1.15 1.21 1.20 1.21 1.22 1.21 1.21 1.21 1.15 1.21 1.20 1.20 1.18 1.19 1.19 1.17 1.17 1.18 1.17 1.16 1.16 1.18 1.15 1.14 1.14 1.12 1.15 1.13 1.13 1.12 1.12 1.11 1.11 1.12 1.12 1.11 1.15 1.11 1.17 1.12
1.00 1.00 1.07 1.09 1.10 1.11 1.10 1.12 1.13 1.10 1.11 1.09 1.10 1.14 1.11 1.09 1.08 1.08 1.10 1.11 1.08 1.08 1.10 1.11 1.12 1.10 1.12 1.12 1.14 1.15 1.13 1.14 1.14 1.15 1.12 1.10 1.17 1.17 1.18 1.11 1.11 1.19 1.19 1.20 1.13 1.20 1.18 1.21 1.21 1.20 1.20 1.20 1.15 1.20 1.20 1.20 1.18 1.19 1.18 1.15 1.15 1.17 1.16 1.16 1.15 1.17 1.15 1.15 1.14 1.13 1.14 1.12 1.13 1.12 1.11 1.11 1.11 1.12 1.11 1.11 1.15 1.11 1.20 1.14
1.00 1.00 1.06 1.09 1.10 1.11 1.10 1.13 1.13 1.10 1.11 1.09 1.10 1.12 1.11 1.09 1.08 1.07 1.10 1.11 1.08 1.09 1.10 1.12 1.13 1.11 1.12 1.12 1.14 1.15 1.14 1.13 1.14 1.14 1.12 1.10 1.16 1.17 1.17 1.11 1.11 1.19 1.19 1.19 1.11 1.20 1.17 1.20 1.21 1.20 1.20 1.20 1.15 1.20 1.19 1.19 1.18 1.19 1.18 1.13 1.14 1.17 1.16 1.16 1.15 1.17 1.15 1.15 1.13 1.13 1.14 1.12 1.13 1.11 1.11 1.11 1.11 1.11 1.11 1.10 1.16 1.11 1.12 1.17
1.00 1.00 1.06 1.10 1.10 1.11 1.10 1.13 1.13 1.09 1.11 1.09 1.10 1.10 1.10 1.09 1.08 1.06 1.10 1.10 1.08 1.09 1.10 1.12 1.13 1.12 1.12 1.13 1.15 1.15 1.14 1.13 1.13 1.14 1.12 1.10 1.16 1.16 1.17 1.11 1.11 1.18 1.18 1.19 1.10 1.19 1.15 1.20 1.20 1.19 1.19 1.19 1.15 1.19 1.19 1.19 1.17 1.18 1.17 1.12 1.12 1.16 1.16 1.15 1.15 1.16 1.14 1.15 1.13 1.13 1.13 1.12 1.13 1.11 1.11 1.11 1.10 1.11 1.10 1.10 1.16 1.11 1.13 1.11
1.00 1.00 1.06 1.11 1.10 1.10 1.10 1.12 1.12 1.09 1.10 1.08 1.10 1.09 1.10 1.08 1.08 1.06 1.09 1.10 1.08 1.09 1.09 1.12 1.13 1.14 1.12 1.13 1.15 1.15 1.14 1.12 1.13 1.13 1.12 1.10 1.15 1.15 1.16 1.11 1.12 1.18 1.18 1.18 1.10 1.19 1.14 1.19 1.19 1.19 1.19 1.19 1.15 1.19 1.18 1.18 1.17 1.18 1.17 1.10 1.10 1.16 1.15 1.15 1.14 1.16 1.14 1.15 1.13 1.13 1.13 1.12 1.12 1.11 1.11 1.11 1.10 1.10 1.10 1.10 1.16 1.11 1.13 1.11
1.00 1.00 1.06 1.11 1.09 1.10 1.09 1.11 1.11 1.09 1.10 1.08 1.09 1.09 1.10 1.08 1.08 1.06 1.09 1.10 1.08 1.09 1.09 1.12 1.13 1.15 1.13 1.13 1.15 1.15 1.13 1.12 1.13 1.13 1.12 1.10 1.15 1.15 1.16 1.11 1.12 1.17 1.18 1.18 1.10 1.18 1.12 1.19 1.18 1.18 1.18 1.18 1.15 1.18 1.18 1.18 1.17 1.17 1.17 1.10 1.09 1.16 1.15 1.15 1.14 1.15 1.14 1.15 1.13 1.13 1.13 1.11 1.12 1.11 1.10 1.10 1.10 1.10 1.09 1.09 1.15 1.11 1.13 1.11
1.00 1.00 1.06 1.12 1.08 1.09 1.09 1.10 1.10 1.09 1.10 1.08 1.09 1.09 1.10 1.08 1.08 1.06 1.09 1.09 1.09 1.09 1.09 1.12 1.14 1.16 1.13 1.13 1.15 1.15 1.13 1.12 1.12 1.13 1.12 1.10 1.14 1.14 1.15 1.11 1.12 1.17 1.17 1.17 1.10 1.18 1.10 1.18 1.17 1.18 1.18 1.18 1.14 1.18 1.17 1.17 1.16 1.17 1.16 1.10 1.09 1.15 1.15 1.14 1.14 1.15 1.13 1.15 1.12 1.13 1.12 1.11 1.12 1.11 1.10 1.10 1.10 1.09 1.09 1.09 1.14 1.11 1.12 1.11
