tests_characterisation/test_topographic/small_test/topo_expected_output/mh_e_smooth.asc
ncols         244
nrows         213
xllcorner     562275.0
yllcorner     1449255.0
cellsize       91.363586
[rows 152 to 189 of 213, columns 0 to 83 of 244]
1.00 1.00 1.12 1.20 1.20 1.18 1.17 1.17 1.15 1.13 1.11 1.09 1.09 1.08 1.07 1.04 1.02 1.01 1.00 1.00 1.00 1.00 1.00 1.00 1.00 1.00 1.00 1.00 1.00 1.00 1.00 1.00 1.00 1.00 1.00 1.00 1.01 1.01 1.02 1.03 1.04 1.06 1.07 1.08 1.09 1.09 1.08 1.05 1.03 1.01 1.00 1.00 1.01 1.02 1.02 1.01 1.00 1.00 1.01 1.02 1.02 1.02 1.00 1.00 1.00 1.01 1.03 1.04 1.04 1.02 1.01 1.01 1.02 1.03 1.04 1.06 1.10 1.10 1.10 1.09 1.10 1.10 1.10 1.09
1.00 1.00 1.11 1.18 1.18 1.17 1.14 1.14 1.13 1.11 1.10 1.08 1.06 1.05 1.03 1.02 1.01 1.00 1.00 1.00 1.00 1.00 1.00 1.00 1.00 1.00 1.00 1.00 1.00 1.00 1.00 1.00 1.00 1.00 1.00 1.00 1.00 1.01 1.01 1.02 1.03 1.04 1.06 1.07 1.08 1.08 1.07 1.04 1.02 1.01 1.00 1.00 1.00 1.00 1.00 1.00 1.00 1.00 1.01 1.03 1.04 1.03 1.01 1.00 1.00 1.01 1.03 1.05 1.05 1.03 1.01 1.02 1.02 1.03 1.04 1.06 1.09 1.10 1.10 1.10 1.11 1.11 1.10 1.10
1.00 1.00 1.10 1.15 1.14 1.15 1.16 1.16 1.14 1.12 1.11 1.10 1.09 1.07 1.06 1.04 1.03 1.01 1.01 1.00 1.00 1.00 1.00 1.00 1.00 1.00 1.00 1.00 1.00 1.00 1.00 1.00 1.00 1.00 1.00 1.00 1.00 1.00 1.00 1.01 1.01 1.02 1.03 1.04 1.05 1.05 1.04 1.02 1.01 1.00 1.00 1.00 1.00 1.00 1.00 1.00 1.00 1.00 1.01 1.04 1.06 1.05 1.03 1.00 1.00 1.00 1.01 1.04 1.05 1.05 1.02 1.03 1.04 1.05 1.06 1.07 1.08 1.09 1.10 1.11 1.12 1.11 1.09 1.06
1.00 1.00 1.15 1.20 1.16 1.15 1.19 1.19 1.18 1.15 1.16 1.15 1.13 1.10 1.08 1.07 1.06 1.05 1.04 1.02 1.01 1.00 1.00 1.00 1.00 1.00 1.00 1.00 1.00 1.00 1.00 1.00 1.00 1.00 1.00 1.00 1.00 1.00 1.00 1.00 1.00 1.01 1.01 1.02 1.03 1.03 1.03 1.02 1.02 1.02 1.02 1.03 1.03 1.02 1.01 1.01 1.00 1.00 1.02 1.04 1.07 1.07 1.04 1.01 1.00 1.00 1.01 1.03 1.03 1.03 1.02 1.02 1.03 1.04 1.05 1.06 1.07 1.08 1.09 1.10 1.10 1.10 1.10 1.08
1.00 1.00 1.20 1.26 1.21 1.17 1.22 1.23 1.22 1.17 1.18 1.18 1.17 1.14 1.12 1.10 1.09 1.08 1.06 1.03 1.01 1.00 1.00 1.00 1.00 1.00 1.00 1.00 1.00 1.00 1.01 1.02 1.02 1.01 1.00 1.00 1.00 1.00 1.00 1.00 1.00 1.00 1.00 1.00 1.01 1.01 1.02 1.03 1.03 1.04 1.05 1.05 1.05 1.04 1.03 1.02 1.01 1.00 1.01 1.04 1.07 1.07 1.05 1.01 1.00 1.00 1.00 1.01 1.02 1.02 1.01 1.01 1.02 1.03 1.05 1.06 1.07 1.06 1.07 1.08 1.09 1.09 1.10 1.09
1.00 1.00 1.24 1.31 1.26 1.18 1.21 1.22 1.20 1.16 1.17 1.18 1.17 1.15 1.13 1.11 1.11 1.09 1.07 1.05 1.02 1.01 1.00 1.00 1.00 1.00 1.00 1.00 1.00 1.01 1.02 1.04 1.04 1.03 1.01 1.00 1.00 1.00 1.00 1.00 1.00 1.00 1.00 1.01 1.01 1.02 1.03 1.04 1.05 1.06 1.07 1.08 1.07 1.06 1.04 1.02 1.01 1.00 1.01 1.03 1.05 1.05 1.03 1.01 1.00 1.00 1.00 1.00 1.01 1.01 1.01 1.01 1.02 1.03 1.05 1.06 1.06 1.06 1.06 1.07 1.08 1.09 1.09 1.09
1.00 1.00 1.19 1.27 1.24 1.18 1.17 1.17 1.16 1.13 1.14 1.15 1.15 1.15 1.14 1.12 1.10 1.08 1.06 1.04 1.03 1.01 1.00 1.00 1.00 1.00 1.01 1.02 1.02 1.02 1.02 1.04 1.04 1.03 1.01 1.00 1.00 1.00 1.00 1.00 1.00 1.00 1.00 1.01 1.01 1.02 1.02 1.03 1.04 1.04 1.06 1.07 1.08 1.08 1.06 1.03 1.01 1.00 1.01 1.01 1.02 1.02 1.01 1.00 1.00 1.00 1.00 1.01 1.01 1.02 1.03 1.03 1.04 1.05 1.06 1.06 1.05 1.04 1.04 1.04 1.05 1.06 1.07 1.08
1.00 1.00 1.14 1.21 1.22 1.20 1.20 1.20 1.17 1.14 1.13 1.14 1.14 1.15 1.14 1.12 1.10 1.09 1.07 1.05 1.03 1.01 1.00 1.00 1.00 1.00 1.01 1.02 1.02 1.02 1.01 1.02 1.02 1.01 1.00 1.00 1.00 1.00 1.00 1.00 1.00 1.00 1.00 1.00 1.00 1.01 1.01 1.02 1.02 1.03 1.04 1.06 1.08 1.10 1.08 1.05 1.02 1.00 1.00 1.00 1.00 1.00 1.00 1.00 1.00 1.00 1.01 1.01 1.03 1.04 1.05 1.06 1.07 1.07 1.06 1.05 1.04 1.03 1.02 1.03 1.03 1.04 1.06 1.07
1.00 1.00 1.11 1.17 1.17 1.19 1.22 1.23 1.23 1.21 1.18 1.15 1.13 1.14 1.13 1.12 1.10 1.08 1.06 1.04 1.02 1.01 1.00 1.00 1.00 1.00 1.01 1.02 1.02 1.02 1.01 1.02 1.02 1.01 1.00 1.00 1.00 1.00 1.00 1.00 1.00 1.00 1.00 1.00 1.00 1.00 1.00 1.00 1.00 1.00 1.02 1.04 1.07 1.10 1.11 1.09 1.04 1.01 1.00 1.00 1.00 1.00 1.00 1.00 1.00 1.00 1.01 1.02 1.03 1.05 1.06 1.08 1.09 1.08 1.07 1.05 1.04 1.03 1.02 1.02 1.03 1.04 1.06 1.07
1.00 1.00 1.12 1.17 1.16 1.19 1.22 1.24 1.24 1.21 1.17 1.14 1.11 1.11 1.10 1.09 1.08 1.06 1.04 1.02 1.01 1.00 1.00 1.00 1.00 1.00 1.00 1.00 1.00 1.00 1.01 1.02 1.02 1.01 1.00 1.00 1.00 1.01 1.02 1.02 1.03 1.04 1.04 1.04 1.03 1.02 1.01 1.00 1.00 1.00 1.01 1.02 1.04 1.07 1.11 1.09 1.05 1.01 1.00 1.00 1.00 1.00 1.00 1.00 1.00 1.01 1.02 1.03 1.05 1.06 1.08 1.09 1.10 1.09 1.08 1.06 1.04 1.04 1.04 1.04 1.05 1.06 1.07 1.08
1.00 1.00 1.14 1.19 1.18 1.21 1.22 1.22 1.21 1.20 1.18 1.16 1.15 1.16 1.15 1.12 1.07 1.04 1.02 1.01 1.00 1.00 1.00 1.00 1.00 1.00 1.00 1.00 1.00 1.00 1.01 1.02 1.02 1.01 1.00 1.00 1.01 1.03 1.06 1.10 1.11 1.10 1.08 1.08 1.06 1.03 1.01 1.00 1.00 1.00 1.00 1.00 1.01 1.03 1.07 1.07 1.04 1.01 1.00 1.00 1.00 1.00 1.00 1.00 1.00 1.01 1.02 1.03 1.07 1.08 1.09 1.09 1.10 1.10 1.09 1.07 1.05 1.04 1.04 1.05 1.06 1.08 1.09 1.10
1.00 1.00 1.15 1.21 1.20 1.24 1.27 1.25 1.19 1.15 1.15 1.17 1.18 1.20 1.19 1.15 1.08 1.04 1.02 1.02 1.02 1.02 1.01 1.01 1.00 1.00 1.00 1.00 1.00 1.00 1.00 1.00 1.00 1.00 1.00 1.00 1.01 1.04 1.10 1.19 1.24 1.23 1.17 1.11 1.07 1.03 1.01 1.00 1.00 1.00 1.00 1.00 1.01 1.02 1.03 1.03 1.02 1.00 1.00 1.00 1.00 1.00 1.00 1.00 1.00 1.01 1.03 1.04 1.08 1.10 1.11 1.10 1.12 1.12 1.10 1.07 1.04 1.03 1.02 1.03 1.04 1.06 1.09 1.12
1.00 1.00 1.16 1.23 1.22 1.26 1.29 1.25 1.18 1.13 1.14 1.18 1.22 1.26 1.27 1.23 1.16 1.08 1.03 1.02 1.02 1.02 1.01 1.01 1.00 1.00 1.00 1.00 1.00 1.00 1.00 1.00 1.00 1.00 1.00 1.00 1.01 1.05 1.13 1.23 1.30 1.29 1.20 1.10 1.04 1.01 1.00 1.00 1.00 1.00 1.00 1.00 1.00 1.00 1.00 1.00 1.00 1.00 1.00 1.00 1.00 1.00 1.00 1.00 1.01 1.01 1.02 1.04 1.08 1.09 1.10 1.10 1.11 1.11 1.09 1.06 1.04 1.02 1.01 1.01 1.02 1.05 1.09 1.13
1.00 1.00 1.18 1.24 1.20 1.24 1.27 1.24 1.17 1.10 1.09 1.12 1.16 1.20 1.23 1.24 1.20 1.12 1.05 1.02 1.02 1.02 1.01 1.01 1.00 1.00 1.00 1.00 1.00 1.00 1.00 1.00 1.00 1.00 1.00 1.00 1.02 1.06 1.13 1.22 1.29 1.28 1.18 1.07 1.01 1.00 1.00 1.00 1.00 1.00 1.00 1.00 1.00 1.00 1.00 1.00 1.00 1.00 1.00 1.00 1.00 1.00 1.00 1.00 1.01 1.02 1.03 1.07 1.09 1.10 1.09 1.09 1.10 1.11 1.09 1.07 1.04 1.03 1.02 1.02 1.03 1.05 1.08 1.11
1.00 1.00 1.20 1.27 1.22 1.23 1.21 1.16 1.11 1.08 1.08 1.10 1.13 1.15 1.18 1.21 1.19 1.13 1.07 1.04 1.03 1.03 1.03 1.02 1.02 1.01 1.01 1.00 1.00 1.00 1.00 1.00 1.00 1.00 1.00 1.00 1.02 1.05 1.11 1.17 1.22 1.20 1.13 1.05 1.00 1.00 1.00 1.00 1.00 1.00 1.00 1.00 1.00 1.00 1.00 1.00 1.00 1.00 1.00 1.00 1.00 1.01 1.01 1.02 1.03 1.04 1.05 1.09 1.09 1.10 1.08 1.08 1.08 1.08 1.07 1.05 1.04 1.03 1.03 1.04 1.04 1.05 1.07 1.09
1.00 1.00 1.21 1.28 1.21 1.22 1.20 1.16 1.11 1.08 1.08 1.09 1.09 1.10 1.12 1.14 1.15 1.13 1.10 1.07 1.06 1.05 1.05 1.04 1.03 1.02 1.01 1.00 1.00 1.00 1.00 1.00 1.00 1.00 1.00 1.00 1.01 1.04 1.07 1.12 1.17 1.16 1.10 1.04 1.00 1.00 1.00 1.00 1.00 1.00 1.00 1.00 1.00 1.00 1.00 1.00 1.00 1.00 1.00 1.00 1.01 1.02 1.03 1.04 1.05 1.06 1.08 1.11 1.12 1.12 1.10 1.08 1.07 1.06 1.05 1.04 1.03 1.04 1.04 1.05 1.06 1.07 1.07 1.08
1.00 1.00 1.20 1.26 1.17 1.17 1.15 1.12 1.09 1.08 1.09 1.09 1.08 1.07 1.07 1.09 1.12 1.16 1.16 1.13 1.09 1.08 1.07 1.06 1.05 1.03 1.01 1.00 1.00 1.00 1.00 1.00 1.00 1.00 1.00 1.00 1.00 1.01 1.03 1.08 1.13 1.13 1.10 1.04 1.00 1.00 1.00 1.00 1.00 1.00 1.00 1.00 1.00 1.00 1.00 1.00 1.00 1.00 1.00 1.01 1.01 1.03 1.04 1.06 1.08 1.09 1.11 1.12 1.12 1.11 1.09 1.08 1.07 1.06 1.05 1.04 1.03 1.03 1.03 1.04 1.05 1.06 1.07 1.08
1.00 1.00 1.20 1.26 1.17 1.13 1.11 1.10 1.09 1.08 1.08 1.07 1.06 1.06 1.08 1.11 1.15 1.20 1.19 1.16 1.10 1.08 1.08 1.07 1.07 1.05 1.04 1.02 1.01 1.01 1.00 1.00 1.00 1.00 1.00 1.00 1.00 1.01 1.03 1.06 1.10 1.11 1.08 1.03 1.01 1.00 1.00 1.00 1.00 1.00 1.00 1.00 1.00 1.00 1.00 1.00 1.00 1.00 1.00 1.00 1.02 1.04 1.06 1.06 1.08 1.10 1.12 1.12 1.11 1.12 1.11 1.09 1.08 1.07 1.06 1.04 1.03 1.02 1.02 1.04 1.05 1.07 1.09 1.11
1.00 1.00 1.18 1.22 1.16 1.12 1.10 1.09 1.10 1.12 1.11 1.08 1.05 1.05 1.07 1.11 1.16 1.22 1.21 1.16 1.09 1.07 1.07 1.08 1.09 1.10 1.10 1.09 1.06 1.03 1.01 1.00 1.00 1.00 1.00 1.00 1.00 1.00 1.02 1.04 1.07 1.11 1.10 1.06 1.01 1.00 1.00 1.00 1.00 1.00 1.00 1.00 1.00 1.00 1.00 1.00 1.00 1.00 1.01 1.01 1.04 1.06 1.07 1.07 1.09 1.11 1.11 1.10 1.08 1.08 1.09 1.11 1.13 1.13 1.10 1.07 1.04 1.03 1.04 1.05 1.07 1.09 1.11 1.12
1.00 1.00 1.15 1.19 1.14 1.11 1.12 1.17 1.18 1.18 1.14 1.10 1.08 1.07 1.10 1.13 1.16 1.20 1.19 1.15 1.09 1.07 1.09 1.11 1.14 1.15 1.15 1.12 1.08 1.03 1.01 1.00 1.00 1.00 1.00 1.00 1.00 1.00 1.01 1.02 1.05 1.10 1.11 1.07 1.02 1.00 1.00 1.00 1.00 1.00 1.00 1.00 1.00 1.00 1.00 1.00 1.02 1.05 1.06 1.05 1.05 1.06 1.08 1.09 1.12 1.13 1.12 1.09 1.07 1.09 1.12 1.15 1.17 1.16 1.11 1.06 1.05 1.05 1.06 1.07 1.08 1.10 1.12 1.13
1.00 1.00 1.10 1.12 1.08 1.11 1.16 1.23 1.23 1.20 1.13 1.10 1.11 1.13 1.14 1.15 1.16 1.18 1.16 1.11 1.06 1.05 1.08 1.12 1.16 1.17 1.16 1.12 1.07 1.03 1.01 1.00 1.00 1.00 1.00 1.00 1.00 1.00 1.00 1.00 1.03 1.07 1.08 1.06 1.01 1.00 1.00 1.00 1.00 1.00 1.00 1.00 1.00 1.00 1.00 1.00 1.03 1.08 1.14 1.13 1.10 1.07 1.10 1.13 1.15 1.14 1.10 1.07 1.06 1.09 1.13 1.18 1.21 1.19 1.12 1.07 1.05 1.06 1.08 1.09 1.10 1.11 1.12 1.14
1.00 1.00 1.07 1.08 1.07 1.10 1.17 1.26 1.28 1.22 1.13 1.09 1.11 1.17 1.18 1.17 1.16 1.18 1.16 1.11 1.06 1.05 1.07 1.11 1.16 1.16 1.12 1.06 1.02 1.00 1.00 1.00 1.00 1.00 1.00 1.00 1.00 1.00 1.00 1.00 1.01 1.02 1.02 1.02 1.00 1.00 1.00 1.00 1.00 1.00 1.00 1.00 1.00 1.00 1.00 1.00 1.03 1.08 1.13 1.12 1.09 1.08 1.12 1.17 1.18 1.15 1.10 1.06 1.07 1.10 1.14 1.18 1.20 1.18 1.12 1.08 1.07 1.08 1.09 1.10 1.11 1.12 1.12 1.13
1.00 1.00 1.05 1.07 1.09 1.12 1.18 1.23 1.25 1.20 1.12 1.07 1.09 1.17 1.19 1.18 1.14 1.16 1.16 1.12 1.07 1.03 1.03 1.06 1.10 1.10 1.07 1.03 1.01 1.00 1.00 1.00 1.00 1.00 1.00 1.00 1.00 1.00 1.00 1.00 1.00 1.00 1.00 1.00 1.00 1.00 1.00 1.00 1.00 1.00 1.00 1.00 1.01 1.02 1.03 1.04 1.04 1.05 1.08 1.08 1.10 1.10 1.15 1.21 1.21 1.16 1.09 1.08 1.09 1.12 1.14 1.16 1.16 1.15 1.10 1.07 1.06 1.07 1.08 1.09 1.09 1.11 1.11 1.12
1.00 1.00 1.06 1.11 1.12 1.14 1.15 1.19 1.20 1.18 1.12 1.07 1.08 1.15 1.16 1.14 1.11 1.14 1.16 1.14 1.09 1.04 1.02 1.05 1.07 1.06 1.03 1.01 1.00 1.00 1.00 1.00 1.00 1.00 1.00 1.00 1.00 1.00 1.00 1.00 1.00 1.00 1.00 1.00 1.00 1.00 1.00 1.00 1.00 1.00 1.00 1.00 1.01 1.02 1.03 1.04 1.04 1.06 1.06 1.05 1.04 1.07 1.14 1.23 1.23 1.18 1.09 1.08 1.10 1.13 1.15 1.16 1.16 1.15 1.12 1.08 1.06 1.06 1.06 1.07 1.08 1.09 1.10 1.09
1.00 1.00 1.09 1.13 1.12 1.11 1.10 1.12 1.12 1.10 1.09 1.11 1.13 1.15 1.13 1.11 1.09 1.10 1.13 1.13 1.10 1.05 1.03 1.04 1.03 1.02 1.00 1.00 1.00 1.00 1.00 1.00 1.00 1.00 1.00 1.00 1.00 1.00 1.00 1.00 1.00 1.00 1.00 1.00 1.00 1.00 1.00 1.00 1.00 1.00 1.00 1.00 1.01 1.02 1.03 1.05 1.09 1.16 1.17 1.12 1.05 1.06 1.15 1.23 1.21 1.15 1.08 1.09 1.12 1.15 1.17 1.18 1.17 1.16 1.12 1.07 1.04 1.03 1.04 1.05 1.07 1.08 1.09 1.09
1.00 1.00 1.12 1.16 1.12 1.09 1.08 1.09 1.09 1.10 1.12 1.15 1.15 1.13 1.09 1.09 1.08 1.08 1.08 1.09 1.09 1.08 1.07 1.07 1.04 1.02 1.00 1.00 1.00 1.00 1.00 1.00 1.00 1.00 1.00 1.00 1.00 1.00 1.00 1.00 1.00 1.00 1.00 1.00 1.00 1.00 1.00 1.00 1.00 1.00 1.00 1.00 1.00 1.00 1.01 1.04 1.11 1.24 1.25 1.18 1.09 1.11 1.18 1.21 1.17 1.11 1.09 1.12 1.15 1.17 1.16 1.16 1.17 1.16 1.13 1.08 1.04 1.03 1.04 1.06 1.07 1.09 1.10 1.11
1.00 1.00 1.11 1.13 1.09 1.06 1.06 1.07 1.08 1.11 1.16 1.19 1.17 1.12 1.08 1.08 1.07 1.06 1.06 1.07 1.08 1.09 1.09 1.07 1.04 1.02 1.01 1.00 1.00 1.00 1.00 1.00 1.00 1.00 1.00 1.00 1.01 1.02 1.02 1.01 1.00 1.00 1.00 1.00 1.00 1.00 1.00 1.00 1.00 1.00 1.00 1.00 1.00 1.01 1.04 1.10 1.20 1.29 1.26 1.17 1.10 1.18 1.23 1.21 1.12 1.09 1.12 1.18 1.22 1.21 1.17 1.14 1.14 1.13 1.10 1.05 1.03 1.04 1.05 1.07 1.09 1.11 1.12 1.14
1.00 1.00 1.10 1.14 1.11 1.10 1.09 1.10 1.12 1.14 1.16 1.15 1.12 1.07 1.05 1.05 1.05 1.04 1.04 1.06 1.08 1.10 1.10 1.10 1.07 1.04 1.02 1.01 1.00 1.00 1.00 1.00 1.00 1.00 1.00 1.00 1.01 1.02 1.02 1.01 1.00 1.00 1.00 1.00 1.00 1.00 1.00 1.00 1.00 1.00 1.01 1.02 1.04 1.05 1.07 1.12 1.20 1.26 1.22 1.15 1.13 1.24 1.26 1.21 1.11 1.12 1.16 1.20 1.21 1.18 1.12 1.07 1.07 1.06 1.04 1.02 1.02 1.03 1.04 1.06 1.08 1.11 1.14 1.17
1.00 1.00 1.06 1.11 1.11 1.10 1.09 1.10 1.12 1.13 1.13 1.11 1.08 1.05 1.03 1.02 1.03 1.03 1.04 1.05 1.07 1.08 1.09 1.09 1.09 1.06 1.03 1.01 1.00 1.00 1.00 1.00 1.00 1.00 1.00 1.00 1.01 1.02 1.02 1.01 1.00 1.00 1.00 1.00 1.00 1.00 1.00 1.00 1.00 1.00 1.01 1.02 1.04 1.07 1.10 1.14 1.19 1.23 1.23 1.17 1.14 1.18 1.18 1.17 1.12 1.15 1.17 1.17 1.16 1.14 1.10 1.06 1.04 1.04 1.03 1.02 1.02 1.03 1.05 1.06 1.08 1.11 1.14 1.17
1.00 1.00 1.06 1.11 1.12 1.12 1.10 1.11 1.12 1.12 1.10 1.08 1.05 1.03 1.01 1.00 1.01 1.01 1.02 1.03 1.05 1.05 1.06 1.06 1.06 1.05 1.03 1.01 1.00 1.00 1.00 1.00 1.00 1.00 1.00 1.00 1.00 1.00 1.00 1.00 1.00 1.00 1.00 1.00 1.00 1.00 1.00 1.00 1.01 1.02 1.03 1.04 1.05 1.07 1.08 1.12 1.17 1.23 1.25 1.23 1.20 1.18 1.13 1.11 1.10 1.16 1.17 1.13 1.07 1.04 1.03 1.02 1.01 1.02 1.02 1.03 1.03 1.04 1.06 1.07 1.08 1.09 1.12 1.14
1.00 1.00 1.04 1.11 1.12 1.12 1.10 1.11 1.11 1.11 1.09 1.07 1.04 1.02 1.02 1.02 1.02 1.03 1.04 1.04 1.04 1.03 1.03 1.04 1.06 1.05 1.04 1.01 1.00 1.00 1.00 1.00 1.00 1.00 1.00 1.00 1.00 1.00 1.00 1.00 1.00 1.00 1.00 1.00 1.00 1.00 1.00 1.01 1.02 1.05 1.06 1.05 1.03 1.06 1.09 1.15 1.19 1.20 1.20 1.21 1.23 1.19 1.11 1.06 1.10 1.15 1.15 1.09 1.04 1.03 1.03 1.03 1.02 1.03 1.04 1.05 1.05 1.06 1.08 1.09 1.10 1.10 1.11 1.11
1.00 1.00 1.04 1.12 1.13 1.13 1.09 1.10 1.11 1.10 1.09 1.06 1.04 1.02 1.02 1.03 1.04 1.06 1.06 1.05 1.04 1.02 1.01 1.03 1.06 1.06 1.04 1.01 1.00 1.00 1.00 1.00 1.00 1.00 1.00 1.00 1.00 1.00 1.00 1.00 1.00 1.00 1.00 1.00 1.00 1.00 1.00 1.01 1.03 1.07 1.08 1.07 1.05 1.08 1.13 1.16 1.17 1.14 1.12 1.14 1.23 1.23 1.15 1.06 1.09 1.14 1.13 1.06 1.01 1.00 1.01 1.01 1.02 1.03 1.04 1.05 1.06 1.07 1.09 1.10 1.11 1.11 1.12 1.12
1.00 1.00 1.05 1.11 1.12 1.12 1.08 1.09 1.10 1.09 1.07 1.05 1.04 1.03 1.04 1.05 1.06 1.07 1.06 1.05 1.04 1.03 1.03 1.06 1.09 1.08 1.05 1.01 1.00 1.00 1.00 1.00 1.00 1.00 1.00 1.00 1.00 1.00 1.00 1.00 1.00 1.00 1.00 1.00 1.01 1.02 1.02 1.02 1.03 1.07 1.06 1.05 1.05 1.14 1.20 1.20 1.14 1.10 1.07 1.09 1.19 1.21 1.15 1.06 1.08 1.10 1.07 1.02 1.00 1.00 1.00 1.01 1.02 1.03 1.04 1.05 1.07 1.10 1.11 1.11 1.11 1.12 1.13 1.14
1.00 1.00 1.05 1.10 1.10 1.09 1.07 1.08 1.08 1.07 1.06 1.05 1.05 1.04 1.03 1.03 1.04 1.04 1.04 1.03 1.03 1.03 1.03 1.04 1.06 1.05 1.03 1.01 1.00 1.00 1.00 1.00 1.00 1.00 1.00 1.00 1.00 1.00 1.00 1.00 1.00 1.00 1.00 1.00 1.03 1.04 1.04 1.02 1.02 1.03 1.03 1.04 1.09 1.19 1.23 1.19 1.09 1.06 1.05 1.08 1.14 1.16 1.13 1.08 1.07 1.06 1.03 1.01 1.00 1.00 1.00 1.01 1.02 1.03 1.05 1.06 1.08 1.10 1.11 1.11 1.11 1.12 1.13 1.14
1.00 1.00 1.07 1.11 1.10 1.09 1.07 1.06 1.06 1.05 1.05 1.06 1.06 1.05 1.04 1.04 1.06 1.05 1.03 1.01 1.00 1.01 1.02 1.03 1.03 1.03 1.03 1.02 1.02 1.01 1.00 1.00 1.00 1.00 1.00 1.00 1.00 1.00 1.00 1.00 1.00 1.00 1.00 1.00 1.06 1.07 1.08 1.03 1.02 1.02 1.03 1.06 1.11 1.20 1.22 1.19 1.11 1.07 1.06 1.06 1.08 1.09 1.08 1.06 1.03 1.01 1.00 1.00 1.00 1.00 1.01 1.02 1.03 1.04 1.06 1.07 1.09 1.10 1.09 1.08 1.08 1.09 1.11 1.13
1.00 1.00 1.07 1.11 1.11 1.11 1.08 1.05 1.04 1.05 1.06 1.07 1.06 1.05 1.04 1.04 1.06 1.06 1.04 1.01 1.00 1.00 1.00 1.00 1.00 1.01 1.03 1.04 1.05 1.04 1.02 1.01 1.00 1.00 1.01 1.02 1.02 1.02 1.00 1.00 1.00 1.00 1.01 1.03 1.09 1.10 1.09 1.03 1.00 1.04 1.07 1.10 1.13 1.20 1.21 1.17 1.09 1.05 1.03 1.02 1.03 1.05 1.07 1.06 1.03 1.03 1.02 1.02 1.01 1.01 1.03 1.05 1.06 1.07 1.07 1.09 1.10 1.08 1.05 1.03 1.04 1.05 1.06 1.08
1.00 1.00 1.06 1.10 1.11 1.11 1.09 1.05 1.04 1.04 1.06 1.07 1.07 1.07 1.07 1.08 1.09 1.08 1.05 1.01 1.00 1.00 1.00 1.00 1.00 1.01 1.03 1.05 1.06 1.06 1.05 1.03 1.01 1.01 1.03 1.06 1.06 1.04 1.01 1.00 1.00 1.00 1.02 1.04 1.11 1.12 1.10 1.04 1.04 1.12 1.14 1.13 1.09 1.16 1.19 1.17 1.08 1.04 1.02 1.01 1.01 1.02 1.03 1.03 1.02 1.04 1.05 1.06 1.05 1.05 1.05 1.06 1.06 1.05 1.06 1.07 1.06 1.04 1.02 1.01 1.01 1.02 1.04 1.08
1.03 1.01 1.05 1.07 1.08 1.09 1.09 1.07 1.05 1.04 1.04 1.04 1.05 1.07 1.10 1.10 1.08 1.05 1.02 1.01 1.00 1.00 1.00 1.00 1.00 1.00 1.01 1.02 1.04 1.06 1.05 1.03 1.01 1.01 1.03 1.06 1.06 1.04 1.01 1.00 1.00 1.01 1.03 1.07 1.14 1.14 1.10 1.04 1.05 1.15 1.21 1.19 1.12 1.17 1.19 1.16 1.07 1.07 1.06 1.04 1.01 1.02 1.03 1.04 1.04 1.06 1.08 1.09 1.08 1.07 1.06 1.05 1.05 1.06 1.08 1.08 1.06 1.03 1.01 1.00 1.00 1.00 1.01 1.04
