tests_characterisation/test_topographic/small_test/topo_expected_output/mh_e_smooth.asc
ncols         244
nrows         213
xllcorner     562275.0
yllcorner     1449255.0
cellsize       91.363586
[rows 0 to 37 of 213, columns 84 to 167 of 244]
1.01 1.00 1.00 1.00 1.00 1.00 1.00 1.00 1.00 1.00 1.00 1.00 1.00 1.00 1.00 1.00 1.00 1.00 1.00 1.00 1.00 1.00 1.00 1.00 1.00 1.00 1.00 1.00 1.00 1.01 1.01 1.01 1.01 1.02 1.02 1.03 1.03 1.04 1.05 1.07 1.08 1.08 1.08 1.08 1.09 1.10 1.10 1.11 1.11 1.11 1.11 1.12 1.13 1.13 1.14 1.15 1.15 1.14 1.12 1.12 1.11 1.11 1.11 1.11 1.11 1.11 1.10 1.10 1.11 1.11 1.12 1.13 1.13 1.12 1.11 1.11 1.11 1.12 1.12 1.12 1.11 1.10 1.09 1.08
1.01 1.00 1.00 1.00 1.00 1.00 1.00 1.00 1.00 1.00 1.00 1.00 1.00 1.00 1.00 1.00 1.00 1.00 1.00 1.00 1.00 1.00 1.00 1.00 1.00 1.00 1.00 1.00 1.00 1.01 1.02 1.02 1.03 1.03 1.04 1.05 1.06 1.07 1.09 1.10 1.12 1.12 1.12 1.13 1.14 1.15 1.16 1.16 1.18 1.18 1.18 1.18 1.20 1.21 1.22 1.23 1.23 1.21 1.19 1.18 1.16 1.15 1.15 1.15 1.15 1.15 1.15 1.15 1.16 1.17 1.19 1.20 1.20 1.19 1.17 1.17 1.18 1.18 1.19 1.19 1.18 1.17 1.16 1.14
1.00 1.00 1.00 1.00 1.00 1.00 1.00 1.00 1.00 1.00 1.00 1.00 1.00 1.00 1.00 1.00 1.00 1.00 1.00 1.01 1.01 1.01 1.01 1.01 1.02 1.02 1.02 1.02 1.03 1.04 1.04 1.05 1.06 1.07 1.07 1.08 1.09 1.10 1.11 1.11 1.12 1.13 1.13 1.14 1.15 1.16 1.16 1.18 1.19 1.20 1.21 1.20 1.21 1.22 1.22 1.23 1.23 1.22 1.20 1.18 1.16 1.14 1.13 1.12 1.12 1.12 1.13 1.14 1.15 1.17 1.19 1.20 1.20 1.19 1.18 1.18 1.18 1.19 1.20 1.20 1.20 1.19 1.18 1.16
1.00 1.00 1.00 1.00 1.00 1.00 1.00 1.00 1.00 1.00 1.00 1.00 1.00 1.00 1.00 1.00 1.00 1.00 1.00 1.01 1.01 1.01 1.01 1.01 1.02 1.02 1.02 1.02 1.03 1.03 1.04 1.04 1.05 1.06 1.07 1.08 1.09 1.10 1.11 1.12 1.12 1.14 1.14 1.15 1.16 1.16 1.17 1.18 1.20 1.21 1.22 1.22 1.22 1.23 1.24 1.25 1.25 1.24 1.22 1.19 1.17 1.15 1.14 1.14 1.14 1.14 1.14 1.15 1.16 1.17 1.18 1.19 1.19 1.19 1.19 1.19 1.20 1.20 1.19 1.19 1.19 1.19 1.17 1.15
1.00 1.00 1.00 1.00 1.00 1.00 1.00 1.00 1.00 1.00 1.00 1.00 1.00 1.00 1.00 1.00 1.00 1.00 1.00 1.01 1.01 1.01 1.01 1.01 1.02 1.02 1.02 1.02 1.02 1.03 1.03 1.04 1.04 1.05 1.05 1.08 1.09 1.09 1.08 1.09 1.10 1.13 1.14 1.14 1.14 1.16 1.17 1.18 1.20 1.21 1.23 1.24 1.25 1.26 1.27 1.26 1.24 1.23 1.22 1.21 1.20 1.19 1.18 1.17 1.16 1.16 1.16 1.16 1.17 1.18 1.19 1.20 1.20 1.20 1.21 1.21 1.21 1.20 1.19 1.18 1.17 1.16 1.14 1.12
1.00 1.00 1.00 1.00 1.00 1.00 1.00 1.00 1.00 1.00 1.00 1.00 1.00 1.00 1.00 1.00 1.00 1.00 1.00 1.00 1.00 1.00 1.00 1.00 1.00 1.00 1.00 1.00 1.00 1.00 1.01 1.01 1.02 1.02 1.02 1.04 1.05 1.06 1.05 1.05 1.07 1.10 1.11 1.11 1.12 1.14 1.16 1.18 1.21 1.23 1.25 1.27 1.30 1.32 1.32 1.29 1.25 1.23 1.23 1.23 1.22 1.23 1.22 1.21 1.19 1.18 1.19 1.19 1.20 1.21 1.22 1.22 1.23 1.23 1.23 1.22 1.21 1.19 1.17 1.15 1.13 1.12 1.10 1.09
1.00 1.00 1.00 1.00 1.00 1.00 1.00 1.00 1.00 1.00 1.00 1.00 1.00 1.00 1.00 1.00 1.00 1.00 1.00 1.00 1.00 1.00 1.00 1.00 1.00 1.00 1.00 1.00 1.00 1.01 1.01 1.01 1.02 1.02 1.02 1.04 1.05 1.06 1.05 1.05 1.06 1.08 1.09 1.10 1.11 1.13 1.15 1.20 1.23 1.26 1.27 1.30 1.33 1.36 1.36 1.31 1.25 1.22 1.23 1.24 1.25 1.26 1.26 1.25 1.24 1.22 1.22 1.22 1.21 1.21 1.20 1.20 1.20 1.19 1.19 1.19 1.19 1.18 1.17 1.17 1.16 1.15 1.15 1.14
1.00 1.00 1.00 1.00 1.00 1.00 1.00 1.00 1.00 1.00 1.00 1.01 1.01 1.01 1.01 1.01 1.01 1.01 1.01 1.02 1.02 1.02 1.02 1.02 1.03 1.03 1.03 1.03 1.03 1.04 1.04 1.05 1.05 1.05 1.06 1.06 1.07 1.07 1.08 1.09 1.09 1.10 1.10 1.11 1.12 1.14 1.17 1.22 1.25 1.28 1.28 1.31 1.34 1.37 1.36 1.32 1.26 1.23 1.23 1.24 1.25 1.26 1.27 1.28 1.29 1.28 1.26 1.24 1.23 1.22 1.22 1.21 1.20 1.19 1.18 1.18 1.17 1.17 1.16 1.16 1.15 1.15 1.15 1.14
1.00 1.00 1.00 1.00 1.00 1.00 1.01 1.01 1.01 1.01 1.01 1.01 1.01 1.02 1.02 1.02 1.03 1.03 1.03 1.03 1.04 1.04 1.04 1.05 1.05 1.05 1.05 1.06 1.06 1.07 1.07 1.08 1.08 1.09 1.09 1.10 1.10 1.11 1.12 1.12 1.13 1.13 1.14 1.14 1.15 1.16 1.18 1.23 1.26 1.29 1.29 1.31 1.34 1.36 1.34 1.29 1.25 1.23 1.23 1.23 1.24 1.25 1.27 1.31 1.37 1.36 1.33 1.26 1.25 1.24 1.23 1.22 1.20 1.19 1.18 1.18 1.17 1.17 1.17 1.16 1.16 1.16 1.15 1.15
1.01 1.01 1.01 1.02 1.02 1.02 1.02 1.02 1.02 1.02 1.03 1.03 1.03 1.04 1.04 1.04 1.05 1.05 1.05 1.06 1.06 1.07 1.07 1.07 1.08 1.08 1.08 1.09 1.09 1.09 1.10 1.10 1.10 1.11 1.11 1.12 1.12 1.12 1.13 1.13 1.13 1.14 1.14 1.14 1.15 1.16 1.18 1.22 1.25 1.28 1.29 1.32 1.35 1.35 1.32 1.26 1.22 1.20 1.20 1.21 1.21 1.22 1.25 1.32 1.42 1.41 1.35 1.25 1.23 1.23 1.23 1.22 1.21 1.20 1.19 1.18 1.17 1.17 1.16 1.15 1.14 1.13 1.12 1.11
1.02 1.03 1.03 1.03 1.03 1.03 1.03 1.03 1.04 1.04 1.04 1.04 1.04 1.05 1.05 1.05 1.05 1.06 1.06 1.06 1.06 1.07 1.07 1.08 1.08 1.08 1.09 1.09 1.10 1.10 1.11 1.11 1.12 1.12 1.12 1.13 1.13 1.14 1.14 1.15 1.15 1.16 1.16 1.16 1.17 1.18 1.20 1.22 1.24 1.27 1.30 1.33 1.35 1.34 1.31 1.26 1.23 1.23 1.23 1.24 1.25 1.25 1.28 1.34 1.41 1.40 1.35 1.26 1.24 1.23 1.22 1.21 1.20 1.19 1.17 1.16 1.15 1.15 1.14 1.14 1.13 1.12 1.12 1.12
1.03 1.03 1.04 1.04 1.04 1.04 1.04 1.05 1.05 1.05 1.05 1.05 1.06 1.06 1.06 1.06 1.06 1.07 1.07 1.07 1.07 1.07 1.08 1.08 1.09 1.09 1.09 1.10 1.10 1.10 1.11 1.11 1.12 1.12 1.12 1.13 1.13 1.14 1.14 1.14 1.15 1.15 1.16 1.16 1.17 1.18 1.19 1.21 1.24 1.26 1.28 1.30 1.32 1.32 1.29 1.26 1.23 1.22 1.22 1.23 1.23 1.24 1.26 1.29 1.33 1.32 1.29 1.24 1.21 1.21 1.20 1.19 1.18 1.17 1.16 1.15 1.15 1.14 1.14 1.14 1.14 1.13 1.13 1.13
1.04 1.04 1.05 1.05 1.05 1.05 1.05 1.06 1.06 1.06 1.06 1.07 1.07 1.07 1.07 1.07 1.08 1.08 1.08 1.08 1.09 1.09 1.09 1.10 1.10 1.10 1.11 1.11 1.12 1.12 1.13 1.13 1.13 1.14 1.14 1.15 1.15 1.15 1.16 1.16 1.17 1.17 1.18 1.18 1.18 1.19 1.20 1.22 1.25 1.26 1.26 1.25 1.26 1.26 1.25 1.25 1.24 1.23 1.23 1.24 1.24 1.24 1.24 1.25 1.24 1.24 1.23 1.22 1.21 1.20 1.19 1.18 1.17 1.17 1.16 1.15 1.14 1.14 1.14 1.13 1.13 1.13 1.13 1.12
1.05 1.06 1.06 1.06 1.06 1.07 1.07 1.07 1.07 1.08 1.08 1.08 1.09 1.09 1.09 1.09 1.10 1.10 1.10 1.10 1.11 1.11 1.11 1.12 1.12 1.12 1.12 1.13 1.13 1.13 1.13 1.14 1.14 1.14 1.15 1.15 1.15 1.15 1.16 1.16 1.16 1.16 1.17 1.17 1.17 1.18 1.19 1.22 1.28 1.28 1.26 1.22 1.22 1.23 1.23 1.22 1.20 1.20 1.19 1.19 1.19 1.19 1.19 1.19 1.19 1.18 1.18 1.18 1.17 1.17 1.17 1.17 1.16 1.16 1.16 1.15 1.15 1.15 1.14 1.14 1.14 1.13 1.13 1.13
1.07 1.07 1.08 1.08 1.08 1.08 1.09 1.09 1.09 1.09 1.10 1.10 1.10 1.10 1.11 1.11 1.11 1.12 1.12 1.12 1.12 1.13 1.13 1.13 1.13 1.14 1.14 1.14 1.14 1.15 1.15 1.15 1.15 1.16 1.16 1.16 1.16 1.17 1.17 1.17 1.17 1.18 1.18 1.18 1.18 1.19 1.21 1.23 1.28 1.27 1.24 1.20 1.20 1.20 1.20 1.20 1.20 1.19 1.19 1.19 1.19 1.18 1.18 1.18 1.17 1.17 1.17 1.17 1.16 1.16 1.16 1.16 1.15 1.15 1.15 1.14 1.14 1.14 1.14 1.13 1.13 1.13 1.12 1.12
1.08 1.08 1.08 1.09 1.09 1.09 1.09 1.10 1.10 1.10 1.10 1.11 1.11 1.12 1.12 1.12 1.12 1.12 1.12 1.13 1.13 1.13 1.13 1.13 1.14 1.14 1.14 1.14 1.15 1.15 1.15 1.15 1.16 1.16 1.16 1.16 1.17 1.17 1.17 1.17 1.18 1.18 1.18 1.18 1.19 1.19 1.21 1.23 1.26 1.24 1.23 1.20 1.20 1.20 1.20 1.20 1.20 1.20 1.19 1.19 1.19 1.18 1.18 1.18 1.18 1.17 1.17 1.17 1.17 1.16 1.16 1.16 1.15 1.15 1.15 1.15 1.14 1.14 1.14 1.14 1.13 1.13 1.13 1.13
1.07 1.07 1.08 1.08 1.08 1.08 1.08 1.09 1.09 1.09 1.09 1.09 1.10 1.11 1.11 1.11 1.10 1.11 1.11 1.11 1.11 1.11 1.12 1.12 1.12 1.12 1.12 1.13 1.13 1.13 1.14 1.15 1.15 1.16 1.17 1.17 1.18 1.19 1.19 1.20 1.21 1.21 1.22 1.23 1.23 1.24 1.26 1.27 1.27 1.27 1.27 1.28 1.28 1.28 1.27 1.26 1.25 1.25 1.24 1.23 1.22 1.21 1.21 1.20 1.19 1.18 1.17 1.16 1.16 1.15 1.15 1.15 1.15 1.15 1.15 1.15 1.14 1.14 1.14 1.14 1.14 1.14 1.14 1.13
1.05 1.05 1.06 1.06 1.06 1.07 1.07 1.07 1.08 1.08 1.08 1.08 1.09 1.10 1.10 1.10 1.10 1.10 1.11 1.11 1.11 1.12 1.12 1.12 1.12 1.13 1.13 1.13 1.14 1.14 1.15 1.16 1.17 1.17 1.18 1.19 1.20 1.20 1.21 1.22 1.23 1.24 1.24 1.25 1.26 1.27 1.28 1.30 1.31 1.31 1.30 1.31 1.31 1.31 1.30 1.29 1.28 1.28 1.27 1.26 1.25 1.24 1.23 1.22 1.21 1.20 1.19 1.18 1.17 1.17 1.17 1.16 1.16 1.16 1.16 1.15 1.15 1.15 1.15 1.14 1.14 1.14 1.14 1.13
1.05 1.06 1.06 1.06 1.07 1.07 1.07 1.08 1.08 1.08 1.09 1.09 1.09 1.10 1.10 1.11 1.11 1.11 1.11 1.11 1.12 1.12 1.12 1.13 1.13 1.13 1.14 1.14 1.14 1.15 1.16 1.17 1.17 1.18 1.19 1.20 1.21 1.21 1.22 1.23 1.24 1.24 1.25 1.26 1.27 1.28 1.28 1.31 1.32 1.33 1.31 1.32 1.32 1.32 1.31 1.30 1.29 1.28 1.27 1.26 1.25 1.24 1.24 1.23 1.22 1.21 1.20 1.19 1.18 1.18 1.17 1.17 1.17 1.16 1.16 1.16 1.16 1.15 1.15 1.15 1.14 1.14 1.14 1.14
1.07 1.07 1.08 1.08 1.08 1.09 1.09 1.09 1.10 1.10 1.11 1.11 1.11 1.12 1.12 1.12 1.13 1.13 1.14 1.14 1.14 1.15 1.15 1.15 1.16 1.16 1.17 1.17 1.17 1.18 1.18 1.19 1.19 1.19 1.20 1.20 1.20 1.21 1.21 1.22 1.22 1.22 1.23 1.23 1.23 1.24 1.24 1.26 1.27 1.27 1.26 1.26 1.26 1.26 1.26 1.25 1.25 1.24 1.24 1.24 1.23 1.23 1.22 1.22 1.22 1.21 1.21 1.20 1.20 1.19 1.19 1.19 1.18 1.18 1.17 1.17 1.17 1.16 1.16 1.15 1.15 1.15 1.14 1.14
1.10 1.10 1.10 1.11 1.11 1.11 1.11 1.12 1.12 1.12 1.13 1.13 1.13 1.13 1.14 1.14 1.14 1.15 1.15 1.15 1.15 1.16 1.16 1.16 1.17 1.17 1.17 1.17 1.18 1.18 1.18 1.19 1.19 1.19 1.19 1.20 1.20 1.20 1.21 1.21 1.21 1.21 1.22 1.22 1.22 1.23 1.23 1.24 1.24 1.24 1.24 1.24 1.24 1.24 1.24 1.23 1.23 1.23 1.22 1.22 1.22 1.22 1.21 1.21 1.21 1.20 1.20 1.20 1.19 1.19 1.19 1.18 1.18 1.18 1.17 1.17 1.17 1.17 1.16 1.16 1.16 1.15 1.15 1.15
1.10 1.10 1.10 1.11 1.11 1.11 1.12 1.12 1.12 1.13 1.13 1.13 1.14 1.14 1.14 1.14 1.15 1.15 1.15 1.16 1.16 1.22 1.23 1.23 1.17 1.17 1.18 1.18 1.18 1.19 1.19 1.19 1.20 1.20 1.20 1.20 1.21 1.21 1.21 1.22 1.22 1.22 1.23 1.23 1.23 1.23 1.24 1.24 1.24 1.25 1.25 1.25 1.25 1.25 1.24 1.24 1.24 1.23 1.23 1.23 1.22 1.22 1.22 1.21 1.21 1.21 1.21 1.20 1.20 1.20 1.19 1.19 1.19 1.18 1.18 1.18 1.17 1.17 1.17 1.16 1.16 1.16 1.15 1.15
1.10 1.11 1.11 1.11 1.12 1.12 1.12 1.12 1.13 1.13 1.13 1.14 1.14 1.14 1.15 1.15 1.15 1.16 1.16 1.16 1.16 1.23 1.25 1.25 1.20 1.18 1.18 1.19 1.19 1.19 1.20 1.20 1.20 1.20 1.21 1.21 1.21 1.22 1.22 1.22 1.23 1.23 1.23 1.24 1.24 1.24 1.24 1.25 1.25 1.25 1.26 1.26 1.26 1.25 1.25 1.25 1.24 1.24 1.24 1.23 1.23 1.23 1.22 1.22 1.22 1.21 1.21 1.21 1.20 1.20 1.20 1.19 1.19 1.19 1.18 1.18 1.18 1.17 1.17 1.17 1.16 1.16 1.16 1.15
1.10 1.10 1.11 1.11 1.11 1.12 1.12 1.12 1.13 1.13 1.14 1.14 1.14 1.15 1.15 1.15 1.16 1.16 1.16 1.17 1.17 1.23 1.26 1.26 1.20 1.19 1.19 1.19 1.20 1.20 1.21 1.21 1.21 1.22 1.22 1.22 1.23 1.23 1.23 1.24 1.24 1.24 1.25 1.25 1.25 1.26 1.26 1.26 1.27 1.27 1.27 1.28 1.27 1.27 1.27 1.26 1.26 1.26 1.25 1.25 1.24 1.24 1.24 1.23 1.23 1.23 1.22 1.22 1.21 1.21 1.21 1.20 1.20 1.20 1.19 1.19 1.18 1.18 1.18 1.17 1.17 1.17 1.16 1.16
1.09 1.09 1.10 1.10 1.11 1.11 1.11 1.12 1.12 1.13 1.13 1.14 1.14 1.15 1.15 1.15 1.16 1.16 1.17 1.17 1.18 1.18 1.20 1.21 1.21 1.20 1.20 1.21 1.21 1.22 1.22 1.22 1.23 1.23 1.24 1.24 1.25 1.25 1.25 1.26 1.26 1.27 1.27 1.28 1.28 1.29 1.29 1.29 1.30 1.30 1.31 1.31 1.30 1.30 1.29 1.29 1.28 1.28 1.27 1.27 1.27 1.26 1.26 1.25 1.25 1.24 1.24 1.23 1.23 1.22 1.22 1.21 1.21 1.21 1.20 1.20 1.19 1.19 1.18 1.18 1.17 1.17 1.16 1.16
1.09 1.09 1.10 1.10 1.11 1.11 1.12 1.12 1.13 1.13 1.14 1.14 1.15 1.15 1.15 1.16 1.16 1.17 1.17 1.18 1.18 1.19 1.19 1.20 1.20 1.21 1.21 1.21 1.22 1.22 1.23 1.23 1.24 1.24 1.25 1.25 1.26 1.26 1.27 1.27 1.27 1.28 1.28 1.29 1.29 1.30 1.30 1.31 1.31 1.32 1.32 1.32 1.31 1.31 1.30 1.30 1.29 1.29 1.28 1.28 1.28 1.27 1.27 1.26 1.26 1.25 1.25 1.24 1.24 1.23 1.23 1.22 1.22 1.21 1.21 1.20 1.20 1.19 1.19 1.18 1.18 1.17 1.17 1.16
1.10 1.11 1.11 1.11 1.12 1.12 1.13 1.13 1.14 1.14 1.15 1.15 1.15 1.16 1.16 1.17 1.17 1.18 1.18 1.19 1.19 1.19 1.20 1.20 1.21 1.21 1.22 1.22 1.23 1.23 1.23 1.24 1.24 1.25 1.25 1.26 1.26 1.26 1.27 1.27 1.28 1.28 1.29 1.29 1.30 1.30 1.30 1.31 1.31 1.32 1.32 1.31 1.31 1.31 1.30 1.30 1.29 1.29 1.28 1.28 1.27 1.27 1.26 1.26 1.25 1.25 1.25 1.24 1.24 1.23 1.23 1.22 1.22 1.21 1.21 1.20 1.20 1.19 1.19 1.18 1.18 1.18 1.17 1.17
1.12 1.13 1.13 1.13 1.14 1.14 1.14 1.15 1.15 1.16 1.16 1.16 1.17 1.17 1.17 1.18 1.18 1.18 1.19 1.19 1.20 1.20 1.20 1.21 1.21 1.21 1.22 1.22 1.23 1.23 1.23 1.24 1.24 1.24 1.25 1.25 1.26 1.26 1.26 1.27 1.27 1.27 1.28 1.28 1.28 1.29 1.29 1.30 1.30 1.30 1.30 1.30 1.30 1.29 1.29 1.29 1.28 1.28 1.27 1.27 1.27 1.26 1.26 1.25 1.25 1.25 1.24 1.24 1.23 1.23 1.23 1.22 1.22 1.21 1.21 1.21 1.20 1.20 1.20 1.19 1.19 1.18 1.18 1.18
1.13 1.13 1.13 1.14 1.14 1.15 1.15 1.15 1.16 1.16 1.17 1.17 1.17 1.18 1.18 1.18 1.19 1.19 1.20 1.20 1.20 1.21 1.21 1.21 1.22 1.22 1.23 1.23 1.23 1.24 1.24 1.25 1.25 1.25 1.26 1.26 1.26 1.27 1.27 1.28 1.28 1.28 1.29 1.29 1.29 1.30 1.30 1.31 1.31 1.31 1.31 1.31 1.30 1.30 1.30 1.29 1.29 1.28 1.28 1.28 1.27 1.27 1.26 1.26 1.26 1.25 1.25 1.24 1.24 1.24 1.23 1.23 1.22 1.22 1.22 1.21 1.21 1.20 1.20 1.20 1.19 1.19 1.18 1.18
1.12 1.12 1.13 1.13 1.14 1.14 1.14 1.15 1.15 1.16 1.16 1.17 1.17 1.18 1.18 1.19 1.19 1.20 1.20 1.21 1.21 1.22 1.22 1.23 1.23 1.24 1.24 1.24 1.25 1.25 1.26 1.26 1.27 1.27 1.28 1.28 1.29 1.29 1.30 1.30 1.31 1.31 1.32 1.32 1.33 1.33 1.34 1.34 1.35 1.35 1.35 1.34 1.34 1.33 1.33 1.32 1.32 1.31 1.31 1.30 1.30 1.29 1.29 1.28 1.28 1.27 1.27 1.26 1.26 1.25 1.25 1.24 1.24 1.23 1.23 1.22 1.22 1.21 1.21 1.20 1.20 1.19 1.19 1.18
1.09 1.09 1.10 1.10 1.10 1.11 1.11 1.12 1.12 1.12 1.13 1.13 1.13 1.14 1.14 1.15 1.15 1.15 1.16 1.16 1.17 1.18 1.19 1.20 1.21 1.22 1.23 1.24 1.25 1.26 1.27 1.29 1.30 1.31 1.32 1.33 1.34 1.35 1.36 1.37 1.38 1.39 1.40 1.41 1.42 1.43 1.44 1.45 1.47 1.47 1.46 1.45 1.44 1.43 1.42 1.41 1.40 1.39 1.38 1.37 1.35 1.34 1.33 1.32 1.31 1.30 1.29 1.28 1.27 1.25 1.24 1.23 1.22 1.21 1.20 1.19 1.19 1.18 1.18 1.18 1.17 1.17 1.17 1.16
1.06 1.06 1.06 1.06 1.07 1.07 1.07 1.07 1.08 1.08 1.08 1.09 1.09 1.09 1.09 1.10 1.10 1.11 1.11 1.12 1.14 1.15 1.17 1.18 1.20 1.21 1.23 1.24 1.26 1.28 1.29 1.31 1.32 1.34 1.35 1.37 1.39 1.40 1.42 1.43 1.45 1.46 1.48 1.50 1.51 1.53 1.54 1.56 1.57 1.58 1.57 1.56 1.54 1.52 1.51 1.49 1.48 1.46 1.44 1.43 1.41 1.39 1.38 1.36 1.35 1.33 1.31 1.30 1.28 1.26 1.25 1.23 1.22 1.20 1.18 1.17 1.16 1.15 1.15 1.14 1.14 1.14 1.14 1.14
1.02 1.02 1.02 1.02 1.03 1.03 1.03 1.03 1.03 1.04 1.04 1.05 1.05 1.06 1.06 1.07 1.08 1.08 1.10 1.11 1.12 1.14 1.16 1.18 1.20 1.22 1.23 1.25 1.27 1.29 1.31 1.33 1.35 1.36 1.38 1.40 1.42 1.44 1.46 1.48 1.49 1.51 1.53 1.55 1.57 1.59 1.61 1.63 1.64 1.65 1.64 1.62 1.60 1.59 1.57 1.55 1.53 1.51 1.49 1.47 1.45 1.43 1.41 1.39 1.37 1.35 1.34 1.32 1.30 1.28 1.26 1.24 1.22 1.20 1.18 1.17 1.15 1.14 1.13 1.13 1.12 1.12 1.11 1.11
1.01 1.01 1.01 1.01 1.01 1.01 1.01 1.01 1.02 1.03 1.04 1.05 1.06 1.07 1.08 1.09 1.10 1.12 1.13 1.15 1.16 1.18 1.20 1.21 1.23 1.25 1.26 1.28 1.30 1.31 1.33 1.35 1.36 1.38 1.40 1.41 1.43 1.45 1.46 1.48 1.50 1.51 1.53 1.55 1.56 1.58 1.60 1.61 1.63 1.64 1.63 1.61 1.60 1.58 1.56 1.54 1.53 1.51 1.49 1.48 1.46 1.44 1.42 1.41 1.39 1.37 1.36 1.34 1.32 1.30 1.29 1.27 1.25 1.24 1.22 1.20 1.18 1.17 1.15 1.14 1.13 1.12 1.11 1.10
1.00 1.00 1.00 1.00 1.00 1.01 1.01 1.02 1.03 1.04 1.05 1.07 1.08 1.10 1.11 1.13 1.14 1.16 1.17 1.18 1.20 1.21 1.23 1.24 1.26 1.27 1.29 1.30 1.31 1.33 1.34 1.36 1.37 1.39 1.40 1.42 1.43 1.45 1.46 1.47 1.49 1.50 1.52 1.53 1.55 1.56 1.58 1.59 1.60 1.61 1.60 1.59 1.57 1.56 1.54 1.53 1.51 1.50 1.48 1.47 1.45 1.44 1.42 1.41 1.39 1.38 1.36 1.35 1.33 1.32 1.31 1.29 1.28 1.26 1.25 1.23 1.22 1.20 1.19 1.17 1.16 1.14 1.13 1.11
1.00 1.00 1.00 1.00 1.01 1.01 1.02 1.03 1.04 1.06 1.07 1.08 1.10 1.11 1.13 1.14 1.15 1.17 1.18 1.19 1.21 1.22 1.23 1.25 1.26 1.28 1.29 1.30 1.32 1.33 1.34 1.36 1.37 1.38 1.40 1.41 1.43 1.44 1.45 1.47 1.48 1.49 1.51 1.52 1.53 1.55 1.56 1.58 1.59 1.59 1.59 1.57 1.56 1.55 1.53 1.52 1.50 1.49 1.48 1.46 1.45 1.43 1.42 1.41 1.39 1.38 1.36 1.35 1.33 1.32 1.31 1.29 1.28 1.26 1.25 1.24 1.22 1.21 1.19 1.18 1.17 1.15 1.14 1.12
1.00 1.00 1.00 1.01 1.02 1.03 1.04 1.05 1.06 1.08 1.09 1.10 1.11 1.13 1.14 1.15 1.16 1.18 1.19 1.20 1.21 1.23 1.24 1.25 1.26 1.28 1.29 1.30 1.31 1.32 1.34 1.35 1.36 1.37 1.39 1.40 1.41 1.42 1.44 1.45 1.46 1.47 1.49 1.50 1.51 1.52 1.54 1.55 1.56 1.56 1.56 1.55 1.53 1.52 1.51 1.50 1.48 1.47 1.46 1.44 1.43 1.42 1.41 1.39 1.38 1.37 1.35 1.34 1.33 1.32 1.30 1.29 1.28 1.26 1.25 1.24 1.23 1.21 1.20 1.19 1.17 1.16 1.15 1.14
1.00 1.00 1.01 1.02 1.03 1.04 1.05 1.06 1.07 1.08 1.10 1.11 1.12 1.13 1.14 1.15 1.17 1.18 1.19 1.20 1.21 1.22 1.24 1.25 1.26 1.27 1.28 1.29 1.31 1.32 1.33 1.34 1.35 1.36 1.38 1.39 1.40 1.41 1.42 1.43 1.45 1.46 1.47 1.48 1.49 1.50 1.52 1.53 1.54 1.54 1.54 1.53 1.51 1.50 1.49 1.48 1.47 1.45 1.44 1.43 1.42 1.41 1.39 1.38 1.37 1.36 1.35 1.33 1.32 1.31 1.30 1.28 1.27 1.26 1.25 1.24 1.22 1.21 1.20 1.19 1.18 1.16 1.15 1.14
