tests_characterisation/test_topographic/small_test/topo_expected_output/mh_se_smooth.asc
ncols         244
nrows         213
xllcorner     562275.0
yllcorner     1449255.0
cellsize       91.363586
[rows 38 to 75 of 213, columns 84 to 167 of 244]
1.04 1.04 1.03 1.04 1.04 1.05 1.05 1.05 1.05 1.05 1.06 1.07 1.07 1.08 1.09 1.09 1.10 1.10 1.11 1.11 1.12 1.12 1.12 1.12 1.13 1.14 1.15 1.15 1.16 1.17 1.17 1.18 1.18 1.19 1.20 1.20 1.20 1.21 1.22 1.24 1.25 1.26 1.27 1.28 1.29 1.30 1.32 1.32 1.33 1.33 1.34 1.34 1.35 1.35 1.34 1.34 1.33 1.32 1.31 1.31 1.31 1.30 1.29 1.28 1.27 1.26 1.25 1.23 1.23 1.22 1.21 1.21 1.20 1.19 1.18 1.17 1.17 1.17 1.17 1.17 1.17 1.16 1.15 1.14
1.05 1.05 1.04 1.03 1.04 1.04 1.05 1.05 1.05 1.05 1.06 1.06 1.07 1.07 1.08 1.09 1.09 1.10 1.11 1.11 1.12 1.12 1.13 1.13 1.13 1.13 1.15 1.15 1.16 1.17 1.17 1.18 1.18 1.19 1.20 1.20 1.21 1.21 1.22 1.23 1.24 1.26 1.27 1.28 1.29 1.30 1.31 1.31 1.32 1.32 1.33 1.33 1.34 1.34 1.34 1.34 1.33 1.32 1.31 1.31 1.30 1.30 1.29 1.28 1.27 1.26 1.25 1.24 1.23 1.22 1.21 1.21 1.20 1.19 1.19 1.18 1.17 1.17 1.16 1.17 1.17 1.17 1.16 1.15
1.05 1.05 1.05 1.04 1.03 1.04 1.05 1.05 1.05 1.05 1.05 1.06 1.06 1.07 1.08 1.08 1.09 1.10 1.10 1.11 1.12 1.12 1.13 1.13 1.13 1.13 1.14 1.15 1.16 1.17 1.17 1.18 1.19 1.19 1.20 1.20 1.21 1.21 1.22 1.23 1.24 1.25 1.27 1.28 1.29 1.29 1.30 1.30 1.31 1.31 1.32 1.32 1.33 1.33 1.33 1.33 1.33 1.32 1.32 1.31 1.30 1.30 1.30 1.28 1.28 1.26 1.26 1.25 1.23 1.22 1.22 1.21 1.20 1.20 1.19 1.18 1.17 1.16 1.16 1.16 1.16 1.16 1.16 1.15
1.04 1.05 1.05 1.05 1.04 1.03 1.04 1.05 1.05 1.05 1.05 1.06 1.06 1.06 1.07 1.08 1.09 1.09 1.10 1.11 1.11 1.12 1.13 1.14 1.14 1.14 1.14 1.14 1.16 1.17 1.17 1.18 1.19 1.19 1.20 1.20 1.21 1.22 1.22 1.23 1.24 1.25 1.26 1.28 1.29 1.29 1.29 1.29 1.30 1.30 1.31 1.31 1.32 1.32 1.32 1.33 1.33 1.32 1.32 1.31 1.30 1.30 1.29 1.29 1.28 1.27 1.26 1.25 1.24 1.23 1.22 1.21 1.20 1.20 1.19 1.18 1.18 1.17 1.16 1.16 1.15 1.16 1.16 1.16
1.04 1.05 1.05 1.05 1.05 1.04 1.03 1.04 1.05 1.06 1.06 1.06 1.06 1.06 1.06 1.07 1.08 1.09 1.09 1.10 1.11 1.12 1.13 1.14 1.14 1.14 1.14 1.14 1.15 1.16 1.17 1.18 1.19 1.19 1.20 1.20 1.21 1.22 1.22 1.23 1.25 1.26 1.27 1.27 1.28 1.29 1.29 1.29 1.29 1.29 1.30 1.30 1.31 1.31 1.32 1.32 1.32 1.32 1.32 1.31 1.30 1.29 1.29 1.28 1.28 1.27 1.26 1.25 1.24 1.23 1.22 1.21 1.21 1.20 1.19 1.19 1.18 1.17 1.16 1.16 1.15 1.15 1.15 1.15
1.04 1.04 1.05 1.05 1.05 1.05 1.04 1.04 1.04 1.05 1.06 1.06 1.06 1.06 1.06 1.07 1.07 1.08 1.09 1.10 1.10 1.11 1.12 1.13 1.14 1.15 1.15 1.15 1.15 1.16 1.17 1.18 1.19 1.19 1.20 1.21 1.21 1.22 1.22 1.24 1.26 1.29 1.29 1.28 1.27 1.28 1.28 1.28 1.28 1.28 1.29 1.29 1.30 1.30 1.30 1.31 1.31 1.31 1.31 1.31 1.30 1.30 1.29 1.28 1.28 1.28 1.27 1.26 1.25 1.24 1.23 1.22 1.21 1.20 1.19 1.19 1.18 1.17 1.17 1.16 1.15 1.15 1.15 1.15
1.04 1.04 1.04 1.05 1.05 1.05 1.05 1.04 1.04 1.04 1.05 1.06 1.06 1.06 1.06 1.06 1.07 1.07 1.08 1.09 1.10 1.11 1.11 1.12 1.14 1.15 1.16 1.16 1.16 1.15 1.16 1.17 1.18 1.19 1.20 1.21 1.22 1.22 1.23 1.25 1.29 1.31 1.30 1.27 1.26 1.27 1.27 1.28 1.28 1.28 1.28 1.28 1.29 1.29 1.29 1.30 1.30 1.31 1.31 1.31 1.30 1.30 1.29 1.28 1.28 1.27 1.27 1.26 1.25 1.24 1.23 1.22 1.21 1.20 1.20 1.19 1.18 1.18 1.17 1.16 1.15 1.15 1.14 1.14
1.04 1.04 1.04 1.05 1.05 1.05 1.05 1.05 1.04 1.04 1.04 1.05 1.06 1.06 1.06 1.06 1.06 1.07 1.08 1.09 1.09 1.10 1.11 1.12 1.13 1.14 1.15 1.17 1.16 1.16 1.16 1.17 1.18 1.19 1.20 1.21 1.21 1.22 1.23 1.24 1.27 1.30 1.29 1.27 1.25 1.26 1.26 1.27 1.27 1.27 1.27 1.27 1.27 1.28 1.28 1.29 1.29 1.30 1.30 1.30 1.30 1.30 1.29 1.28 1.27 1.27 1.27 1.26 1.25 1.24 1.23 1.23 1.22 1.21 1.20 1.19 1.19 1.18 1.17 1.16 1.16 1.15 1.14 1.14
1.04 1.04 1.04 1.04 1.05 1.05 1.05 1.06 1.05 1.04 1.04 1.04 1.05 1.06 1.06 1.06 1.06 1.07 1.07 1.08 1.09 1.10 1.10 1.11 1.12 1.13 1.15 1.16 1.17 1.17 1.17 1.16 1.17 1.19 1.20 1.20 1.21 1.22 1.23 1.24 1.26 1.27 1.27 1.25 1.25 1.25 1.25 1.26 1.26 1.27 1.27 1.27 1.27 1.27 1.28 1.28 1.28 1.29 1.29 1.29 1.30 1.29 1.29 1.28 1.28 1.27 1.26 1.26 1.26 1.25 1.24 1.23 1.22 1.21 1.20 1.19 1.19 1.18 1.17 1.17 1.16 1.15 1.15 1.14
1.05 1.04 1.04 1.04 1.04 1.05 1.05 1.05 1.06 1.05 1.05 1.04 1.04 1.05 1.06 1.06 1.06 1.06 1.07 1.07 1.08 1.09 1.10 1.11 1.11 1.12 1.13 1.15 1.16 1.18 1.18 1.17 1.17 1.18 1.19 1.20 1.21 1.22 1.23 1.24 1.24 1.24 1.25 1.26 1.25 1.25 1.25 1.25 1.25 1.26 1.26 1.26 1.26 1.26 1.26 1.27 1.27 1.28 1.28 1.29 1.29 1.29 1.29 1.29 1.28 1.27 1.26 1.26 1.25 1.25 1.24 1.23 1.22 1.21 1.20 1.20 1.19 1.18 1.18 1.17 1.16 1.16 1.15 1.14
1.05 1.05 1.04 1.04 1.04 1.04 1.05 1.05 1.06 1.06 1.05 1.05 1.04 1.05 1.06 1.07 1.07 1.07 1.06 1.07 1.07 1.08 1.09 1.10 1.11 1.12 1.12 1.14 1.15 1.17 1.19 1.18 1.18 1.17 1.18 1.20 1.21 1.22 1.23 1.23 1.24 1.24 1.24 1.25 1.26 1.26 1.25 1.25 1.25 1.25 1.25 1.26 1.26 1.26 1.26 1.26 1.26 1.27 1.27 1.28 1.28 1.28 1.28 1.28 1.28 1.27 1.26 1.26 1.25 1.25 1.24 1.23 1.22 1.21 1.21 1.20 1.19 1.18 1.18 1.17 1.16 1.16 1.15 1.14
1.05 1.05 1.05 1.05 1.04 1.04 1.05 1.05 1.06 1.07 1.07 1.07 1.05 1.05 1.05 1.07 1.07 1.07 1.06 1.06 1.07 1.07 1.08 1.09 1.10 1.11 1.12 1.13 1.14 1.16 1.18 1.20 1.19 1.19 1.18 1.19 1.20 1.21 1.22 1.22 1.23 1.23 1.23 1.24 1.25 1.26 1.26 1.25 1.24 1.24 1.24 1.25 1.25 1.25 1.25 1.25 1.25 1.26 1.26 1.27 1.27 1.27 1.27 1.28 1.28 1.27 1.27 1.26 1.25 1.25 1.24 1.24 1.23 1.22 1.21 1.20 1.19 1.19 1.18 1.17 1.17 1.16 1.15 1.15
1.05 1.05 1.05 1.05 1.05 1.04 1.05 1.07 1.08 1.09 1.10 1.10 1.08 1.06 1.05 1.06 1.07 1.07 1.06 1.06 1.06 1.07 1.07 1.08 1.10 1.11 1.11 1.12 1.13 1.14 1.17 1.19 1.21 1.22 1.21 1.20 1.19 1.21 1.21 1.22 1.22 1.22 1.23 1.23 1.24 1.25 1.26 1.25 1.25 1.24 1.24 1.24 1.24 1.25 1.25 1.25 1.25 1.25 1.25 1.26 1.26 1.26 1.27 1.27 1.27 1.27 1.27 1.26 1.25 1.24 1.24 1.23 1.23 1.22 1.21 1.20 1.20 1.19 1.18 1.17 1.17 1.16 1.15 1.15
1.04 1.05 1.05 1.05 1.06 1.07 1.08 1.09 1.09 1.11 1.11 1.11 1.08 1.06 1.05 1.05 1.05 1.06 1.07 1.07 1.06 1.06 1.07 1.08 1.09 1.10 1.11 1.12 1.13 1.15 1.17 1.19 1.22 1.25 1.26 1.23 1.21 1.19 1.20 1.21 1.21 1.22 1.22 1.22 1.23 1.23 1.24 1.25 1.25 1.24 1.24 1.23 1.23 1.24 1.24 1.24 1.24 1.24 1.24 1.25 1.25 1.25 1.26 1.26 1.26 1.26 1.26 1.26 1.25 1.25 1.24 1.23 1.23 1.22 1.21 1.21 1.20 1.19 1.18 1.17 1.17 1.16 1.16 1.15
1.04 1.05 1.05 1.05 1.07 1.10 1.13 1.12 1.10 1.09 1.10 1.09 1.07 1.06 1.06 1.06 1.05 1.06 1.06 1.07 1.07 1.07 1.07 1.07 1.08 1.10 1.11 1.12 1.13 1.15 1.18 1.20 1.22 1.26 1.29 1.27 1.23 1.19 1.19 1.20 1.21 1.21 1.21 1.22 1.22 1.22 1.23 1.24 1.25 1.24 1.24 1.23 1.23 1.23 1.23 1.24 1.24 1.24 1.24 1.24 1.24 1.25 1.25 1.25 1.26 1.26 1.26 1.26 1.25 1.25 1.24 1.23 1.23 1.22 1.22 1.21 1.20 1.19 1.18 1.18 1.17 1.16 1.16 1.15
1.04 1.05 1.05 1.06 1.08 1.11 1.13 1.11 1.08 1.07 1.06 1.07 1.06 1.06 1.06 1.06 1.06 1.06 1.06 1.07 1.07 1.07 1.07 1.08 1.09 1.10 1.11 1.13 1.15 1.18 1.20 1.22 1.24 1.26 1.28 1.28 1.25 1.21 1.18 1.19 1.20 1.20 1.21 1.21 1.21 1.22 1.22 1.22 1.23 1.24 1.24 1.23 1.23 1.22 1.22 1.23 1.23 1.23 1.23 1.23 1.23 1.24 1.24 1.24 1.25 1.25 1.25 1.25 1.25 1.25 1.24 1.23 1.22 1.22 1.22 1.21 1.20 1.19 1.18 1.18 1.17 1.16 1.16 1.15
1.05 1.06 1.07 1.08 1.10 1.11 1.12 1.10 1.07 1.05 1.05 1.05 1.06 1.06 1.06 1.06 1.07 1.06 1.06 1.07 1.07 1.08 1.08 1.10 1.12 1.13 1.14 1.15 1.17 1.20 1.24 1.26 1.27 1.26 1.25 1.25 1.24 1.22 1.20 1.18 1.18 1.19 1.20 1.20 1.20 1.21 1.21 1.21 1.22 1.23 1.24 1.23 1.23 1.22 1.22 1.22 1.22 1.23 1.23 1.23 1.23 1.23 1.23 1.23 1.24 1.24 1.24 1.24 1.24 1.24 1.24 1.23 1.23 1.22 1.21 1.21 1.20 1.20 1.19 1.18 1.17 1.16 1.16 1.15
1.05 1.06 1.07 1.09 1.10 1.09 1.07 1.06 1.06 1.05 1.05 1.05 1.05 1.06 1.06 1.06 1.07 1.07 1.07 1.07 1.08 1.09 1.10 1.12 1.14 1.15 1.16 1.18 1.20 1.24 1.28 1.31 1.31 1.28 1.23 1.21 1.21 1.23 1.22 1.20 1.18 1.18 1.19 1.19 1.20 1.20 1.20 1.21 1.21 1.22 1.22 1.23 1.23 1.22 1.22 1.21 1.22 1.22 1.22 1.22 1.22 1.22 1.22 1.23 1.23 1.23 1.23 1.24 1.24 1.24 1.24 1.23 1.23 1.22 1.21 1.21 1.20 1.20 1.19 1.18 1.17 1.16 1.16 1.15
1.06 1.07 1.07 1.08 1.09 1.08 1.07 1.05 1.05 1.06 1.05 1.05 1.05 1.05 1.06 1.06 1.06 1.07 1.07 1.08 1.08 1.10 1.11 1.13 1.15 1.17 1.18 1.20 1.24 1.27 1.32 1.33 1.32 1.26 1.21 1.18 1.18 1.21 1.24 1.22 1.20 1.17 1.18 1.18 1.19 1.19 1.20 1.20 1.20 1.20 1.21 1.22 1.23 1.22 1.22 1.21 1.21 1.21 1.22 1.22 1.22 1.22 1.22 1.22 1.22 1.22 1.23 1.23 1.23 1.23 1.23 1.23 1.23 1.22 1.21 1.21 1.20 1.20 1.19 1.18 1.17 1.16 1.16 1.15
1.08 1.07 1.07 1.06 1.06 1.06 1.06 1.05 1.05 1.06 1.06 1.05 1.05 1.05 1.06 1.06 1.07 1.07 1.07 1.08 1.09 1.10 1.12 1.14 1.15 1.17 1.18 1.22 1.25 1.30 1.32 1.33 1.28 1.23 1.17 1.16 1.16 1.19 1.21 1.24 1.22 1.20 1.17 1.17 1.18 1.19 1.19 1.19 1.20 1.20 1.20 1.21 1.21 1.22 1.22 1.22 1.21 1.21 1.21 1.21 1.21 1.21 1.21 1.21 1.21 1.22 1.22 1.22 1.22 1.22 1.23 1.23 1.22 1.22 1.21 1.21 1.20 1.20 1.19 1.19 1.18 1.17 1.16 1.15
1.09 1.09 1.07 1.05 1.05 1.05 1.05 1.05 1.05 1.05 1.06 1.06 1.05 1.06 1.06 1.06 1.07 1.08 1.08 1.08 1.09 1.10 1.12 1.14 1.16 1.17 1.19 1.22 1.26 1.29 1.30 1.27 1.23 1.17 1.16 1.15 1.16 1.16 1.19 1.22 1.24 1.22 1.19 1.17 1.17 1.18 1.18 1.19 1.19 1.19 1.19 1.20 1.20 1.21 1.22 1.21 1.21 1.20 1.20 1.20 1.21 1.21 1.21 1.21 1.21 1.21 1.21 1.21 1.22 1.22 1.22 1.22 1.22 1.22 1.21 1.21 1.20 1.19 1.19 1.18 1.18 1.17 1.16 1.15
1.10 1.08 1.06 1.05 1.05 1.05 1.05 1.05 1.05 1.05 1.06 1.06 1.06 1.06 1.07 1.08 1.09 1.09 1.10 1.10 1.10 1.10 1.12 1.14 1.16 1.18 1.20 1.23 1.24 1.27 1.24 1.22 1.18 1.16 1.15 1.16 1.16 1.17 1.16 1.19 1.22 1.24 1.21 1.18 1.16 1.17 1.17 1.18 1.18 1.18 1.19 1.19 1.19 1.20 1.20 1.21 1.21 1.21 1.20 1.20 1.20 1.20 1.20 1.20 1.20 1.20 1.20 1.21 1.21 1.21 1.21 1.21 1.21 1.21 1.21 1.21 1.20 1.19 1.19 1.18 1.18 1.17 1.16 1.15
1.11 1.08 1.05 1.05 1.05 1.05 1.05 1.05 1.05 1.05 1.06 1.06 1.06 1.06 1.07 1.08 1.09 1.10 1.11 1.12 1.12 1.12 1.12 1.14 1.16 1.19 1.21 1.22 1.23 1.21 1.19 1.17 1.16 1.16 1.17 1.17 1.16 1.16 1.17 1.17 1.19 1.21 1.22 1.20 1.18 1.16 1.16 1.17 1.17 1.18 1.18 1.18 1.19 1.19 1.19 1.20 1.21 1.20 1.20 1.19 1.19 1.19 1.20 1.20 1.20 1.20 1.20 1.20 1.20 1.20 1.20 1.21 1.21 1.21 1.21 1.20 1.20 1.19 1.19 1.18 1.18 1.17 1.17 1.16
1.11 1.08 1.04 1.04 1.05 1.05 1.06 1.05 1.06 1.06 1.06 1.06 1.06 1.06 1.07 1.09 1.10 1.11 1.12 1.14 1.14 1.14 1.14 1.14 1.16 1.19 1.21 1.22 1.20 1.18 1.15 1.14 1.15 1.17 1.18 1.19 1.17 1.17 1.16 1.17 1.17 1.18 1.20 1.21 1.19 1.17 1.16 1.16 1.17 1.17 1.17 1.18 1.18 1.18 1.18 1.19 1.19 1.20 1.20 1.20 1.19 1.19 1.19 1.19 1.19 1.19 1.19 1.19 1.19 1.19 1.20 1.20 1.20 1.20 1.20 1.20 1.20 1.19 1.19 1.18 1.17 1.17 1.16 1.16
1.10 1.07 1.03 1.03 1.04 1.05 1.05 1.06 1.06 1.06 1.06 1.06 1.06 1.06 1.06 1.08 1.09 1.11 1.13 1.14 1.16 1.17 1.16 1.16 1.18 1.19 1.21 1.20 1.18 1.15 1.13 1.13 1.14 1.16 1.19 1.20 1.20 1.17 1.16 1.16 1.16 1.16 1.18 1.19 1.19 1.18 1.16 1.15 1.16 1.16 1.17 1.17 1.17 1.17 1.18 1.18 1.18 1.19 1.19 1.19 1.19 1.19 1.18 1.18 1.19 1.19 1.19 1.19 1.19 1.19 1.19 1.19 1.19 1.19 1.19 1.19 1.19 1.19 1.19 1.18 1.18 1.17 1.16 1.16
1.09 1.05 1.02 1.02 1.03 1.04 1.05 1.06 1.06 1.06 1.06 1.05 1.06 1.06 1.06 1.07 1.08 1.11 1.13 1.15 1.17 1.18 1.19 1.18 1.18 1.19 1.19 1.19 1.16 1.14 1.13 1.13 1.14 1.16 1.18 1.20 1.22 1.21 1.18 1.16 1.15 1.16 1.16 1.17 1.18 1.18 1.17 1.16 1.15 1.15 1.16 1.16 1.17 1.17 1.17 1.17 1.17 1.18 1.18 1.19 1.19 1.19 1.18 1.18 1.18 1.18 1.18 1.18 1.18 1.18 1.18 1.18 1.18 1.19 1.19 1.19 1.19 1.19 1.18 1.18 1.17 1.17 1.16 1.16
1.07 1.04 1.02 1.01 1.02 1.03 1.04 1.05 1.06 1.06 1.06 1.06 1.06 1.06 1.06 1.07 1.08 1.10 1.12 1.15 1.17 1.19 1.20 1.19 1.18 1.18 1.19 1.19 1.16 1.13 1.13 1.13 1.14 1.16 1.18 1.19 1.21 1.22 1.23 1.20 1.17 1.15 1.16 1.16 1.16 1.17 1.17 1.16 1.15 1.15 1.15 1.16 1.16 1.16 1.16 1.17 1.17 1.17 1.17 1.18 1.18 1.18 1.18 1.18 1.17 1.17 1.18 1.18 1.18 1.18 1.18 1.18 1.18 1.18 1.18 1.18 1.18 1.18 1.18 1.18 1.17 1.17 1.16 1.16
1.05 1.03 1.01 1.00 1.01 1.02 1.03 1.05 1.06 1.06 1.06 1.06 1.06 1.06 1.06 1.07 1.07 1.09 1.11 1.14 1.16 1.18 1.19 1.18 1.16 1.15 1.16 1.17 1.16 1.13 1.12 1.13 1.14 1.17 1.18 1.19 1.19 1.21 1.23 1.24 1.21 1.17 1.15 1.15 1.16 1.16 1.16 1.15 1.15 1.14 1.15 1.15 1.15 1.16 1.16 1.16 1.16 1.16 1.17 1.17 1.18 1.18 1.18 1.18 1.17 1.17 1.17 1.17 1.17 1.17 1.17 1.17 1.17 1.17 1.17 1.18 1.18 1.18 1.18 1.17 1.17 1.17 1.16 1.16
1.03 1.02 1.01 1.00 1.00 1.01 1.02 1.04 1.05 1.06 1.06 1.06 1.06 1.06 1.06 1.07 1.07 1.08 1.10 1.12 1.14 1.15 1.16 1.16 1.14 1.12 1.13 1.14 1.15 1.13 1.12 1.13 1.14 1.16 1.17 1.18 1.18 1.19 1.22 1.24 1.24 1.19 1.16 1.15 1.15 1.15 1.15 1.15 1.14 1.14 1.14 1.14 1.14 1.15 1.15 1.15 1.16 1.16 1.16 1.16 1.17 1.17 1.17 1.17 1.17 1.17 1.16 1.16 1.17 1.17 1.17 1.17 1.17 1.17 1.17 1.17 1.17 1.17 1.17 1.17 1.17 1.16 1.16 1.16
1.01 1.01 1.00 1.00 1.00 1.00 1.01 1.03 1.05 1.05 1.06 1.06 1.06 1.07 1.07 1.07 1.07 1.08 1.09 1.11 1.13 1.14 1.14 1.13 1.12 1.11 1.10 1.10 1.12 1.13 1.13 1.13 1.15 1.16 1.17 1.16 1.17 1.18 1.20 1.22 1.23 1.21 1.17 1.15 1.14 1.15 1.15 1.14 1.14 1.13 1.14 1.14 1.14 1.14 1.14 1.15 1.15 1.15 1.15 1.16 1.16 1.16 1.17 1.17 1.17 1.17 1.16 1.16 1.16 1.16 1.16 1.16 1.16 1.16 1.16 1.16 1.16 1.16 1.16 1.16 1.16 1.16 1.16 1.15
1.00 1.00 1.00 1.00 1.00 1.00 1.01 1.02 1.04 1.06 1.06 1.06 1.07 1.07 1.07 1.08 1.07 1.08 1.09 1.12 1.14 1.15 1.14 1.12 1.11 1.11 1.10 1.11 1.11 1.14 1.15 1.15 1.15 1.18 1.18 1.17 1.16 1.18 1.19 1.19 1.21 1.20 1.17 1.14 1.14 1.14 1.15 1.15 1.14 1.13 1.13 1.13 1.13 1.14 1.14 1.14 1.14 1.15 1.15 1.15 1.15 1.15 1.16 1.16 1.16 1.16 1.16 1.16 1.16 1.15 1.16 1.16 1.16 1.16 1.16 1.16 1.16 1.16 1.16 1.16 1.16 1.16 1.16 1.15
1.00 1.00 1.00 1.00 1.00 1.01 1.02 1.02 1.04 1.06 1.07 1.07 1.07 1.07 1.07 1.08 1.08 1.09 1.10 1.12 1.17 1.17 1.16 1.12 1.11 1.11 1.11 1.12 1.13 1.15 1.17 1.16 1.17 1.17 1.18 1.16 1.15 1.16 1.18 1.19 1.20 1.19 1.17 1.15 1.13 1.14 1.14 1.14 1.14 1.14 1.13 1.13 1.13 1.13 1.13 1.13 1.14 1.14 1.14 1.14 1.15 1.15 1.15 1.15 1.16 1.16 1.16 1.16 1.15 1.15 1.15 1.15 1.15 1.15 1.15 1.15 1.15 1.15 1.15 1.15 1.15 1.15 1.15 1.15
1.00 1.00 1.00 1.00 1.01 1.02 1.03 1.03 1.05 1.07 1.08 1.07 1.06 1.07 1.07 1.08 1.08 1.10 1.11 1.12 1.16 1.16 1.17 1.14 1.13 1.12 1.12 1.13 1.14 1.16 1.18 1.20 1.18 1.17 1.15 1.15 1.14 1.16 1.18 1.19 1.20 1.21 1.20 1.17 1.14 1.13 1.13 1.14 1.14 1.14 1.13 1.13 1.13 1.13 1.13 1.13 1.13 1.13 1.14 1.14 1.14 1.14 1.14 1.14 1.15 1.15 1.15 1.15 1.15 1.15 1.15 1.15 1.15 1.15 1.15 1.15 1.15 1.15 1.15 1.15 1.15 1.15 1.15 1.14
1.00 1.00 1.00 1.00 1.01 1.02 1.04 1.05 1.07 1.07 1.08 1.06 1.06 1.06 1.07 1.07 1.09 1.10 1.12 1.12 1.13 1.13 1.15 1.16 1.16 1.15 1.13 1.14 1.15 1.16 1.19 1.21 1.20 1.16 1.12 1.12 1.13 1.15 1.18 1.20 1.22 1.24 1.24 1.22 1.18 1.14 1.13 1.13 1.13 1.14 1.14 1.13 1.13 1.13 1.13 1.13 1.13 1.13 1.13 1.13 1.13 1.14 1.14 1.14 1.14 1.14 1.15 1.15 1.15 1.15 1.14 1.14 1.14 1.14 1.14 1.14 1.14 1.14 1.14 1.14 1.14 1.14 1.14 1.14
1.00 1.00 1.00 1.00 1.01 1.03 1.05 1.07 1.08 1.08 1.07 1.05 1.05 1.06 1.07 1.07 1.08 1.10 1.11 1.11 1.10 1.10 1.12 1.15 1.16 1.15 1.14 1.14 1.15 1.17 1.19 1.21 1.19 1.16 1.12 1.12 1.13 1.15 1.17 1.19 1.20 1.22 1.26 1.26 1.23 1.17 1.14 1.13 1.13 1.13 1.13 1.13 1.13 1.13 1.12 1.13 1.12 1.12 1.12 1.13 1.13 1.13 1.13 1.13 1.13 1.14 1.14 1.14 1.14 1.14 1.14 1.14 1.14 1.14 1.14 1.14 1.14 1.14 1.14 1.14 1.14 1.14 1.14 1.13
1.00 1.00 1.00 1.01 1.01 1.02 1.05 1.07 1.09 1.08 1.06 1.04 1.04 1.05 1.06 1.07 1.08 1.09 1.10 1.10 1.10 1.09 1.10 1.13 1.14 1.15 1.14 1.15 1.15 1.17 1.18 1.18 1.17 1.15 1.13 1.12 1.13 1.15 1.17 1.18 1.19 1.20 1.24 1.26 1.26 1.21 1.17 1.14 1.13 1.13 1.13 1.13 1.13 1.12 1.12 1.12 1.12 1.12 1.12 1.12 1.12 1.12 1.13 1.13 1.13 1.13 1.13 1.13 1.14 1.14 1.14 1.14 1.14 1.13 1.13 1.13 1.13 1.13 1.13 1.13 1.13 1.13 1.13 1.13
1.00 1.00 1.00 1.00 1.01 1.02 1.03 1.05 1.07 1.07 1.05 1.04 1.04 1.04 1.06 1.07 1.08 1.09 1.09 1.09 1.09 1.09 1.10 1.11 1.12 1.13 1.14 1.15 1.15 1.16 1.16 1.15 1.13 1.13 1.14 1.15 1.14 1.15 1.16 1.18 1.17 1.17 1.20 1.22 1.25 1.24 1.22 1.17 1.14 1.12 1.12 1.12 1.13 1.12 1.12 1.12 1.12 1.12 1.12 1.12 1.12 1.12 1.12 1.12 1.12 1.12 1.13 1.13 1.13 1.13 1.13 1.13 1.13 1.13 1.13 1.13 1.13 1.13 1.13 1.13 1.13 1.13 1.12 1.12
1.00 1.00 1.00 1.00 1.01 1.01 1.02 1.03 1.04 1.04 1.04 1.03 1.03 1.04 1.06 1.07 1.09 1.09 1.08 1.08 1.08 1.09 1.09 1.10 1.11 1.12 1.13 1.14 1.14 1.14 1.14 1.12 1.11 1.12 1.14 1.16 1.15 1.15 1.15 1.17 1.17 1.17 1.17 1.19 1.21 1.24 1.24 1.21 1.16 1.13 1.12 1.12 1.12 1.12 1.12 1.12 1.12 1.12 1.12 1.11 1.11 1.11 1.11 1.12 1.12 1.12 1.12 1.12 1.12 1.12 1.13 1.13 1.13 1.13 1.13 1.12 1.12 1.12 1.12 1.12 1.12 1.12 1.12 1.12
