tests_characterisation/test_topographic/small_test/topo_expected_output/mh_sw_smooth.asc
ncols         244
nrows         213
xllcorner     562275.0
yllcorner     1449255.0
cellsize       91.363586
[rows 0 to 37 of 213, columns 0 to 83 of 244]
NOdata_struct_value -9999 1.00 1.02 1.05 1.08 1.10 1.15 1.18 1.19 1.15 1.12 1.12 1.13 1.16 1.18 1.19 1.18 1.20 1.19 1.18 1.13 1.09 1.07 1.07 1.08 1.08 1.08 1.07 1.07 1.07 1.08 1.09 1.09 1.09 1.08 1.08 1.07 1.06 1.04 1.03 1.04 1.06 1.08 1.09 1.07 1.06 1.05 1.05 1.03 1.02 1.01 1.00 1.00 1.00 1.00 1.00 1.00 1.00 1.00 1.00 1.00 1.01 1.02 1.04 1.06 1.09 1.12 1.13 1.13 1.12 1.11 1.10 1.08 1.06 1.05 1.06 1.08 1.10 1.10 1.08 1.09 1.08 1.07
1.00 1.00 1.01 1.05 1.09 1.13 1.13 1.19 1.23 1.25 1.21 1.16 1.15 1.17 1.21 1.23 1.24 1.23 1.23 1.23 1.20 1.16 1.13 1.12 1.12 1.12 1.12 1.12 1.13 1.12 1.13 1.12 1.12 1.11 1.11 1.10 1.10 1.09 1.08 1.07 1.06 1.06 1.08 1.11 1.10 1.08 1.07 1.06 1.06 1.03 1.02 1.01 1.00 1.00 1.00 1.00 1.00 1.00 1.00 1.00 1.00 1.00 1.02 1.04 1.06 1.09 1.14 1.19 1.21 1.19 1.17 1.16 1.15 1.12 1.09 1.07 1.07 1.09 1.11 1.10 1.09 1.10 1.09 1.08
1.00 1.00 1.01 1.06 1.11 1.12 1.11 1.13 1.16 1.18 1.16 1.14 1.13 1.14 1.15 1.16 1.15 1.15 1.13 1.12 1.11 1.11 1.13 1.14 1.14 1.12 1.13 1.16 1.18 1.17 1.13 1.09 1.07 1.07 1.08 1.08 1.07 1.07 1.06 1.07 1.07 1.06 1.05 1.06 1.05 1.05 1.04 1.04 1.04 1.02 1.01 1.00 1.00 1.00 1.00 1.00 1.00 1.00 1.00 1.00 1.00 1.01 1.02 1.03 1.05 1.08 1.13 1.18 1.18 1.16 1.16 1.16 1.14 1.11 1.08 1.05 1.04 1.04 1.04 1.04 1.05 1.05 1.05 1.04
1.00 1.00 1.01 1.05 1.07 1.08 1.08 1.11 1.13 1.14 1.13 1.11 1.11 1.10 1.11 1.11 1.12 1.10 1.08 1.08 1.10 1.14 1.16 1.16 1.13 1.10 1.12 1.18 1.22 1.18 1.11 1.06 1.05 1.05 1.06 1.06 1.06 1.06 1.08 1.08 1.07 1.05 1.03 1.03 1.02 1.02 1.01 1.02 1.01 1.01 1.00 1.00 1.00 1.00 1.00 1.00 1.00 1.00 1.00 1.00 1.00 1.00 1.02 1.02 1.03 1.06 1.11 1.14 1.13 1.13 1.14 1.15 1.13 1.09 1.05 1.03 1.01 1.00 1.02 1.03 1.04 1.04 1.04 1.05
1.00 1.00 1.01 1.01 1.04 1.05 1.08 1.10 1.11 1.11 1.10 1.11 1.12 1.12 1.12 1.12 1.13 1.11 1.10 1.12 1.16 1.18 1.18 1.15 1.11 1.10 1.13 1.18 1.18 1.14 1.07 1.04 1.04 1.05 1.05 1.07 1.08 1.10 1.10 1.08 1.05 1.03 1.01 1.00 1.00 1.00 1.01 1.01 1.00 1.00 1.00 1.00 1.00 1.00 1.00 1.00 1.00 1.00 1.00 1.00 1.00 1.00 1.00 1.00 1.01 1.03 1.06 1.07 1.07 1.10 1.13 1.13 1.10 1.06 1.03 1.01 1.00 1.01 1.03 1.05 1.05 1.05 1.06 1.08
1.00 1.00 1.00 1.01 1.02 1.04 1.06 1.08 1.09 1.10 1.11 1.14 1.17 1.17 1.18 1.17 1.18 1.17 1.17 1.20 1.21 1.21 1.17 1.13 1.11 1.12 1.12 1.13 1.10 1.08 1.04 1.04 1.05 1.05 1.07 1.10 1.13 1.13 1.11 1.07 1.03 1.01 1.00 1.00 1.00 1.00 1.00 1.00 1.00 1.00 1.00 1.00 1.00 1.00 1.00 1.00 1.00 1.00 1.00 1.00 1.00 1.00 1.00 1.00 1.00 1.01 1.02 1.03 1.05 1.09 1.11 1.10 1.07 1.03 1.01 1.00 1.01 1.03 1.05 1.06 1.05 1.06 1.08 1.09
1.00 1.00 1.00 1.00 1.01 1.03 1.05 1.07 1.08 1.09 1.14 1.20 1.25 1.25 1.25 1.25 1.24 1.24 1.25 1.24 1.23 1.19 1.16 1.14 1.15 1.14 1.12 1.08 1.05 1.04 1.05 1.05 1.05 1.06 1.10 1.14 1.17 1.13 1.08 1.03 1.01 1.00 1.00 1.00 1.00 1.00 1.00 1.00 1.00 1.00 1.00 1.00 1.00 1.00 1.00 1.00 1.00 1.00 1.00 1.00 1.00 1.00 1.00 1.00 1.00 1.00 1.00 1.01 1.04 1.07 1.07 1.06 1.03 1.01 1.00 1.00 1.01 1.04 1.05 1.05 1.05 1.06 1.08 1.09
1.00 1.00 1.00 1.00 1.01 1.02 1.04 1.07 1.08 1.09 1.15 1.23 1.31 1.32 1.32 1.32 1.31 1.29 1.27 1.25 1.22 1.19 1.17 1.17 1.17 1.14 1.09 1.05 1.04 1.06 1.06 1.06 1.04 1.06 1.11 1.15 1.15 1.09 1.04 1.01 1.00 1.00 1.00 1.00 1.00 1.00 1.00 1.00 1.00 1.00 1.00 1.00 1.00 1.00 1.00 1.00 1.00 1.00 1.00 1.00 1.00 1.00 1.00 1.00 1.00 1.00 1.01 1.02 1.04 1.05 1.04 1.03 1.01 1.00 1.00 1.00 1.01 1.03 1.04 1.04 1.05 1.07 1.08 1.08
1.00 1.00 1.00 1.00 1.01 1.02 1.05 1.07 1.08 1.08 1.14 1.21 1.31 1.36 1.37 1.35 1.31 1.28 1.26 1.23 1.21 1.20 1.20 1.19 1.16 1.11 1.07 1.05 1.07 1.07 1.06 1.05 1.04 1.06 1.10 1.12 1.09 1.04 1.01 1.00 1.00 1.00 1.00 1.00 1.00 1.00 1.00 1.00 1.00 1.00 1.00 1.00 1.00 1.00 1.00 1.00 1.00 1.00 1.00 1.00 1.00 1.00 1.00 1.00 1.01 1.01 1.02 1.03 1.03 1.03 1.02 1.01 1.00 1.00 1.00 1.00 1.01 1.02 1.03 1.04 1.07 1.08 1.08 1.08
1.02 1.01 1.00 1.00 1.01 1.03 1.05 1.07 1.07 1.06 1.08 1.15 1.26 1.33 1.34 1.29 1.25 1.24 1.23 1.24 1.23 1.22 1.21 1.19 1.13 1.09 1.06 1.08 1.08 1.08 1.06 1.05 1.04 1.05 1.06 1.07 1.04 1.01 1.00 1.00 1.00 1.00 1.00 1.00 1.00 1.00 1.00 1.00 1.00 1.00 1.00 1.00 1.00 1.00 1.00 1.00 1.00 1.00 1.00 1.00 1.00 1.00 1.01 1.02 1.04 1.04 1.03 1.02 1.02 1.01 1.00 1.00 1.00 1.00 1.00 1.01 1.01 1.03 1.04 1.07 1.08 1.09 1.09 1.10
1.05 1.04 1.00 1.00 1.01 1.03 1.06 1.07 1.05 1.03 1.04 1.09 1.17 1.23 1.23 1.19 1.19 1.21 1.24 1.24 1.24 1.22 1.20 1.16 1.12 1.09 1.09 1.10 1.10 1.08 1.07 1.05 1.04 1.04 1.04 1.03 1.01 1.00 1.00 1.00 1.00 1.00 1.00 1.00 1.00 1.00 1.00 1.00 1.00 1.00 1.00 1.00 1.00 1.00 1.00 1.00 1.00 1.00 1.00 1.00 1.00 1.01 1.02 1.04 1.05 1.04 1.03 1.01 1.00 1.00 1.00 1.00 1.00 1.00 1.01 1.01 1.03 1.04 1.06 1.08 1.09 1.09 1.10 1.11
1.07 1.04 1.00 1.00 1.01 1.03 1.05 1.05 1.03 1.01 1.01 1.04 1.08 1.10 1.10 1.13 1.19 1.25 1.25 1.23 1.22 1.21 1.18 1.14 1.11 1.11 1.11 1.12 1.10 1.09 1.07 1.06 1.04 1.03 1.02 1.01 1.00 1.00 1.00 1.00 1.00 1.00 1.00 1.00 1.00 1.00 1.00 1.00 1.00 1.00 1.00 1.00 1.00 1.00 1.00 1.00 1.00 1.00 1.00 1.00 1.00 1.01 1.02 1.04 1.05 1.03 1.01 1.00 1.00 1.00 1.00 1.00 1.00 1.01 1.01 1.02 1.03 1.05 1.06 1.07 1.08 1.10 1.11 1.13
1.07 1.03 1.00 1.00 1.02 1.03 1.03 1.02 1.01 1.00 1.00 1.01 1.02 1.03 1.07 1.14 1.21 1.23 1.21 1.19 1.20 1.19 1.16 1.13 1.13 1.14 1.14 1.12 1.11 1.10 1.08 1.05 1.04 1.02 1.01 1.00 1.00 1.01 1.00 1.00 1.00 1.00 1.00 1.00 1.00 1.00 1.00 1.00 1.00 1.00 1.00 1.00 1.00 1.00 1.00 1.00 1.00 1.00 1.00 1.00 1.00 1.01 1.01 1.02 1.01 1.01 1.00 1.00 1.00 1.00 1.00 1.00 1.01 1.01 1.02 1.02 1.03 1.04 1.05 1.06 1.07 1.09 1.12 1.14
1.03 1.01 1.00 1.00 1.01 1.02 1.01 1.01 1.00 1.00 1.00 1.00 1.00 1.02 1.06 1.14 1.18 1.17 1.17 1.19 1.21 1.19 1.15 1.14 1.15 1.16 1.14 1.13 1.12 1.10 1.07 1.05 1.03 1.01 1.01 1.01 1.01 1.00 1.00 1.00 1.00 1.00 1.00 1.00 1.00 1.00 1.00 1.00 1.00 1.00 1.00 1.00 1.00 1.00 1.00 1.00 1.00 1.00 1.00 1.00 1.00 1.00 1.00 1.00 1.00 1.00 1.00 1.00 1.00 1.00 1.00 1.01 1.01 1.02 1.02 1.02 1.03 1.04 1.04 1.05 1.06 1.09 1.12 1.13
1.01 1.00 1.00 1.00 1.00 1.00 1.00 1.00 1.00 1.00 1.00 1.00 1.00 1.01 1.05 1.09 1.10 1.12 1.17 1.24 1.23 1.19 1.17 1.17 1.18 1.17 1.15 1.14 1.12 1.10 1.07 1.04 1.02 1.01 1.01 1.01 1.01 1.00 1.00 1.00 1.00 1.00 1.00 1.00 1.00 1.00 1.00 1.00 1.00 1.00 1.00 1.00 1.00 1.00 1.00 1.00 1.00 1.00 1.00 1.00 1.00 1.00 1.00 1.00 1.00 1.00 1.00 1.00 1.00 1.00 1.01 1.02 1.02 1.02 1.03 1.03 1.03 1.03 1.04 1.05 1.06 1.08 1.09 1.11
1.00 1.00 1.00 1.00 1.00 1.00 1.00 1.00 1.00 1.00 1.00 1.00 1.00 1.01 1.03 1.03 1.05 1.12 1.22 1.26 1.24 1.19 1.18 1.19 1.18 1.17 1.16 1.15 1.13 1.09 1.06 1.03 1.02 1.01 1.01 1.01 1.00 1.00 1.00 1.00 1.00 1.00 1.00 1.00 1.00 1.00 1.00 1.00 1.00 1.00 1.00 1.00 1.00 1.00 1.00 1.00 1.00 1.00 1.00 1.00 1.00 1.00 1.00 1.00 1.00 1.00 1.00 1.00 1.00 1.01 1.02 1.02 1.03 1.03 1.04 1.04 1.04 1.04 1.05 1.05 1.05 1.06 1.06 1.08
1.00 1.00 1.00 1.00 1.00 1.00 1.00 1.00 1.00 1.00 1.00 1.00 1.00 1.00 1.00 1.00 1.04 1.16 1.24 1.26 1.19 1.18 1.18 1.19 1.18 1.18 1.17 1.15 1.12 1.09 1.05 1.03 1.01 1.01 1.01 1.00 1.00 1.00 1.00 1.00 1.00 1.00 1.00 1.00 1.00 1.00 1.00 1.00 1.00 1.00 1.00 1.00 1.00 1.00 1.00 1.00 1.00 1.00 1.00 1.00 1.00 1.00 1.00 1.00 1.00 1.00 1.00 1.00 1.01 1.02 1.02 1.02 1.03 1.04 1.05 1.04 1.05 1.05 1.06 1.06 1.05 1.04 1.04 1.07
1.00 1.00 1.00 1.00 1.00 1.00 1.00 1.00 1.00 1.00 1.00 1.00 1.00 1.00 1.00 1.01 1.05 1.13 1.19 1.18 1.15 1.15 1.16 1.16 1.17 1.18 1.18 1.15 1.12 1.07 1.04 1.02 1.02 1.01 1.00 1.00 1.00 1.00 1.00 1.00 1.00 1.00 1.00 1.00 1.00 1.00 1.00 1.00 1.00 1.00 1.00 1.00 1.00 1.00 1.00 1.00 1.00 1.00 1.00 1.00 1.00 1.00 1.00 1.00 1.00 1.00 1.00 1.01 1.02 1.02 1.02 1.03 1.04 1.05 1.04 1.05 1.06 1.08 1.09 1.08 1.05 1.03 1.04 1.08
1.00 1.00 1.00 1.00 1.00 1.00 1.00 1.00 1.00 1.00 1.00 1.00 1.01 1.01 1.01 1.01 1.03 1.10 1.12 1.12 1.10 1.12 1.13 1.15 1.17 1.18 1.18 1.15 1.10 1.05 1.03 1.02 1.01 1.01 1.00 1.00 1.00 1.00 1.00 1.00 1.00 1.00 1.00 1.00 1.00 1.00 1.00 1.00 1.00 1.00 1.00 1.00 1.00 1.00 1.00 1.00 1.00 1.00 1.00 1.00 1.00 1.00 1.00 1.00 1.00 1.00 1.01 1.02 1.03 1.02 1.01 1.02 1.03 1.03 1.04 1.04 1.08 1.11 1.11 1.08 1.04 1.04 1.07 1.10
1.00 1.00 1.00 1.00 1.00 1.01 1.01 1.01 1.00 1.00 1.00 1.00 1.03 1.03 1.03 1.00 1.02 1.03 1.05 1.05 1.07 1.08 1.10 1.12 1.15 1.18 1.18 1.13 1.08 1.04 1.03 1.02 1.01 1.00 1.00 1.00 1.00 1.00 1.00 1.00 1.00 1.00 1.00 1.00 1.00 1.00 1.00 1.00 1.00 1.00 1.00 1.00 1.00 1.00 1.00 1.00 1.00 1.00 1.00 1.00 1.00 1.00 1.00 1.00 1.00 1.01 1.02 1.03 1.02 1.01 1.00 1.02 1.02 1.03 1.02 1.05 1.07 1.10 1.09 1.06 1.05 1.06 1.09 1.12
1.00 1.00 1.00 1.00 1.00 1.01 1.02 1.01 1.00 1.00 1.00 1.01 1.03 1.03 1.02 1.00 1.00 1.01 1.02 1.03 1.04 1.05 1.07 1.10 1.13 1.16 1.15 1.11 1.06 1.03 1.02 1.01 1.00 1.00 1.00 1.00 1.00 1.00 1.00 1.00 1.00 1.00 1.00 1.00 1.00 1.00 1.00 1.00 1.00 1.00 1.00 1.00 1.00 1.00 1.00 1.00 1.00 1.00 1.00 1.00 1.00 1.00 1.00 1.00 1.01 1.02 1.03 1.02 1.01 1.00 1.00 1.00 1.01 1.02 1.03 1.03 1.05 1.06 1.05 1.05 1.06 1.08 1.10 1.12
1.00 1.00 1.00 1.00 1.00 1.01 1.01 1.01 1.00 1.00 1.00 1.01 1.02 1.02 1.01 1.00 1.00 1.00 1.01 1.01 1.02 1.03 1.06 1.08 1.12 1.14 1.13 1.08 1.04 1.03 1.01 1.00 1.00 1.00 1.00 1.00 1.00 1.00 1.00 1.00 1.00 1.00 1.00 1.00 1.00 1.00 1.00 1.00 1.00 1.00 1.00 1.00 1.00 1.00 1.00 1.00 1.00 1.00 1.00 1.00 1.00 1.00 1.00 1.01 1.02 1.03 1.02 1.01 1.00 1.00 1.00 1.01 1.02 1.03 1.02 1.02 1.01 1.02 1.03 1.06 1.08 1.09 1.10 1.11
1.00 1.00 1.00 1.00 1.00 1.00 1.00 1.00 1.00 1.00 1.00 1.00 1.00 1.00 1.00 1.00 1.00 1.00 1.00 1.01 1.02 1.04 1.06 1.07 1.10 1.11 1.10 1.06 1.03 1.02 1.00 1.00 1.00 1.00 1.00 1.00 1.00 1.00 1.00 1.00 1.00 1.00 1.00 1.00 1.00 1.00 1.00 1.00 1.00 1.00 1.00 1.00 1.00 1.00 1.00 1.00 1.00 1.00 1.00 1.00 1.00 1.00 1.01 1.02 1.03 1.02 1.01 1.00 1.00 1.00 1.01 1.02 1.03 1.02 1.01 1.00 1.01 1.02 1.05 1.08 1.09 1.09 1.09 1.09
1.00 1.00 1.00 1.00 1.00 1.00 1.00 1.00 1.00 1.00 1.00 1.00 1.00 1.00 1.00 1.00 1.01 1.01 1.01 1.03 1.05 1.06 1.07 1.07 1.09 1.09 1.08 1.04 1.02 1.01 1.00 1.00 1.00 1.00 1.00 1.00 1.00 1.00 1.00 1.00 1.00 1.00 1.00 1.00 1.00 1.00 1.00 1.00 1.00 1.00 1.00 1.00 1.00 1.00 1.00 1.00 1.00 1.00 1.00 1.00 1.00 1.01 1.01 1.02 1.02 1.01 1.00 1.00 1.00 1.01 1.02 1.03 1.02 1.01 1.00 1.01 1.02 1.05 1.07 1.09 1.10 1.09 1.09 1.09
1.00 1.00 1.00 1.00 1.00 1.00 1.00 1.00 1.00 1.00 1.00 1.00 1.00 1.00 1.02 1.03 1.03 1.03 1.04 1.08 1.09 1.09 1.08 1.08 1.07 1.06 1.04 1.02 1.01 1.00 1.00 1.00 1.00 1.00 1.00 1.00 1.00 1.00 1.00 1.00 1.00 1.00 1.00 1.00 1.00 1.00 1.00 1.00 1.00 1.00 1.00 1.00 1.00 1.00 1.00 1.00 1.00 1.00 1.00 1.00 1.01 1.01 1.02 1.01 1.01 1.00 1.00 1.00 1.01 1.02 1.02 1.02 1.01 1.00 1.01 1.02 1.04 1.07 1.09 1.09 1.10 1.09 1.10 1.10
1.00 1.00 1.00 1.00 1.00 1.00 1.00 1.00 1.00 1.00 1.00 1.00 1.00 1.00 1.02 1.04 1.04 1.05 1.08 1.11 1.12 1.10 1.09 1.09 1.07 1.05 1.02 1.01 1.00 1.00 1.00 1.00 1.00 1.00 1.00 1.00 1.00 1.00 1.00 1.00 1.00 1.00 1.00 1.00 1.00 1.00 1.00 1.00 1.00 1.00 1.00 1.00 1.00 1.00 1.00 1.00 1.00 1.00 1.00 1.01 1.01 1.02 1.01 1.01 1.00 1.00 1.00 1.01 1.01 1.02 1.02 1.01 1.00 1.01 1.02 1.04 1.06 1.08 1.09 1.09 1.09 1.10 1.10 1.11
1.00 1.00 1.00 1.00 1.00 1.00 1.00 1.00 1.00 1.00 1.00 1.00 1.00 1.00 1.02 1.04 1.04 1.05 1.09 1.12 1.12 1.10 1.09 1.08 1.06 1.03 1.01 1.00 1.00 1.00 1.00 1.00 1.00 1.00 1.00 1.00 1.00 1.00 1.00 1.00 1.00 1.00 1.00 1.00 1.00 1.00 1.00 1.00 1.00 1.00 1.00 1.00 1.00 1.00 1.00 1.00 1.00 1.00 1.00 1.01 1.02 1.01 1.01 1.00 1.00 1.00 1.01 1.01 1.02 1.01 1.01 1.00 1.00 1.01 1.03 1.05 1.07 1.08 1.09 1.09 1.10 1.10 1.11 1.10
1.00 1.00 1.00 1.00 1.00 1.00 1.00 1.00 1.00 1.00 1.00 1.00 1.00 1.00 1.01 1.01 1.01 1.04 1.08 1.10 1.10 1.08 1.07 1.06 1.03 1.01 1.00 1.00 1.00 1.00 1.00 1.00 1.00 1.00 1.00 1.00 1.00 1.00 1.00 1.00 1.00 1.00 1.00 1.00 1.00 1.00 1.00 1.00 1.00 1.00 1.00 1.00 1.00 1.00 1.00 1.00 1.00 1.00 1.01 1.01 1.01 1.01 1.00 1.00 1.00 1.01 1.01 1.02 1.01 1.01 1.00 1.00 1.01 1.03 1.05 1.06 1.07 1.08 1.08 1.09 1.10 1.11 1.10 1.10
1.00 1.00 1.00 1.00 1.00 1.00 1.00 1.00 1.00 1.00 1.00 1.00 1.00 1.00 1.00 1.00 1.01 1.04 1.07 1.08 1.08 1.06 1.05 1.03 1.01 1.00 1.00 1.00 1.00 1.00 1.00 1.00 1.00 1.00 1.00 1.00 1.00 1.00 1.00 1.00 1.00 1.00 1.00 1.00 1.00 1.00 1.00 1.00 1.00 1.00 1.00 1.00 1.00 1.00 1.00 1.00 1.00 1.01 1.01 1.01 1.00 1.00 1.00 1.00 1.01 1.01 1.02 1.01 1.01 1.00 1.00 1.01 1.03 1.04 1.06 1.06 1.07 1.08 1.08 1.09 1.10 1.10 1.10 1.10
1.00 1.00 1.00 1.00 1.00 1.00 1.00 1.00 1.00 1.00 1.00 1.00 1.00 1.00 1.00 1.01 1.02 1.05 1.06 1.07 1.05 1.04 1.02 1.01 1.00 1.00 1.00 1.00 1.00 1.00 1.00 1.00 1.00 1.00 1.00 1.00 1.00 1.00 1.00 1.00 1.00 1.00 1.00 1.00 1.00 1.00 1.00 1.00 1.00 1.00 1.00 1.00 1.00 1.00 1.00 1.00 1.01 1.01 1.01 1.00 1.00 1.00 1.00 1.00 1.01 1.02 1.01 1.01 1.00 1.00 1.01 1.02 1.03 1.05 1.06 1.07 1.07 1.08 1.08 1.09 1.08 1.09 1.09 1.09
1.00 1.00 1.00 1.00 1.00 1.00 1.00 1.00 1.00 1.00 1.00 1.00 1.00 1.00 1.00 1.01 1.03 1.05 1.06 1.04 1.03 1.02 1.01 1.01 1.01 1.00 1.00 1.01 1.01 1.01 1.00 1.00 1.00 1.00 1.00 1.00 1.00 1.00 1.00 1.00 1.00 1.00 1.00 1.00 1.00 1.00 1.00 1.00 1.00 1.00 1.00 1.00 1.00 1.00 1.00 1.00 1.01 1.01 1.00 1.00 1.00 1.00 1.00 1.01 1.01 1.01 1.01 1.00 1.00 1.00 1.02 1.03 1.04 1.05 1.06 1.07 1.07 1.08 1.08 1.08 1.08 1.08 1.08 1.09
1.00 1.00 1.00 1.00 1.00 1.00 1.00 1.00 1.00 1.00 1.00 1.00 1.00 1.00 1.01 1.02 1.03 1.04 1.03 1.02 1.01 1.02 1.02 1.02 1.01 1.01 1.02 1.02 1.02 1.01 1.00 1.00 1.00 1.00 1.00 1.00 1.00 1.00 1.00 1.00 1.00 1.00 1.00 1.00 1.00 1.00 1.00 1.00 1.00 1.00 1.00 1.00 1.00 1.00 1.00 1.01 1.00 1.00 1.00 1.00 1.00 1.00 1.01 1.01 1.01 1.00 1.00 1.00 1.00 1.01 1.02 1.04 1.05 1.05 1.06 1.07 1.08 1.08 1.07 1.07 1.07 1.08 1.08 1.09
1.00 1.00 1.00 1.00 1.00 1.00 1.00 1.00 1.00 1.00 1.00 1.00 1.00 1.00 1.01 1.02 1.03 1.02 1.01 1.01 1.02 1.04 1.04 1.03 1.03 1.03 1.03 1.02 1.01 1.00 1.00 1.00 1.00 1.00 1.00 1.00 1.00 1.00 1.00 1.00 1.00 1.00 1.00 1.00 1.00 1.00 1.00 1.00 1.00 1.00 1.00 1.00 1.00 1.00 1.00 1.00 1.00 1.00 1.00 1.00 1.00 1.01 1.01 1.01 1.00 1.00 1.00 1.00 1.01 1.02 1.03 1.04 1.05 1.06 1.07 1.07 1.07 1.07 1.06 1.07 1.07 1.08 1.08 1.09
1.00 1.00 1.00 1.00 1.00 1.00 1.00 1.00 1.00 1.00 1.00 1.00 1.00 1.00 1.01 1.01 1.01 1.01 1.01 1.03 1.06 1.07 1.07 1.06 1.06 1.05 1.04 1.02 1.00 1.00 1.00 1.00 1.00 1.00 1.00 1.00 1.00 1.00 1.00 1.00 1.00 1.00 1.00 1.00 1.00 1.00 1.00 1.00 1.00 1.00 1.00 1.00 1.00 1.00 1.00 1.00 1.00 1.00 1.00 1.00 1.01 1.01 1.01 1.00 1.00 1.00 1.00 1.00 1.02 1.03 1.04 1.05 1.05 1.06 1.07 1.07 1.06 1.06 1.06 1.07 1.08 1.08 1.08 1.09
1.00 1.00 1.00 1.00 1.00 1.00 1.00 1.00 1.00 1.00 1.00 1.00 1.00 1.00 1.00 1.00 1.00 1.01 1.02 1.06 1.10 1.11 1.10 1.09 1.08 1.06 1.03 1.01 1.00 1.00 1.00 1.00 1.00 1.00 1.00 1.00 1.00 1.00 1.00 1.00 1.00 1.00 1.00 1.00 1.00 1.00 1.00 1.00 1.00 1.00 1.00 1.00 1.00 1.00 1.00 1.00 1.00 1.00 1.00 1.00 1.01 1.01 1.00 1.00 1.00 1.00 1.00 1.01 1.03 1.04 1.05 1.05 1.06 1.07 1.07 1.06 1.05 1.05 1.07 1.08 1.08 1.08 1.09 1.09
1.00 1.00 1.00 1.00 1.00 1.00 1.00 1.00 1.00 1.00 1.00 1.00 1.00 1.00 1.00 1.00 1.00 1.01 1.03 1.07 1.10 1.11 1.11 1.10 1.08 1.05 1.02 1.00 1.00 1.00 1.00 1.00 1.00 1.00 1.00 1.00 1.00 1.00 1.00 1.00 1.00 1.00 1.00 1.00 1.00 1.00 1.00 1.00 1.00 1.00 1.00 1.00 1.00 1.00 1.00 1.00 1.00 1.00 1.00 1.01 1.00 1.00 1.00 1.00 1.00 1.00 1.01 1.03 1.04 1.04 1.05 1.05 1.06 1.06 1.05 1.04 1.05 1.06 1.08 1.08 1.08 1.08 1.09 1.09
1.01 1.00 1.00 1.00 1.00 1.00 1.00 1.00 1.00 1.00 1.00 1.00 1.00 1.00 1.00 1.00 1.00 1.01 1.02 1.05 1.07 1.09 1.10 1.09 1.06 1.03 1.01 1.00 1.00 1.00 1.00 1.00 1.00 1.00 1.00 1.00 1.00 1.00 1.00 1.00 1.00 1.00 1.00 1.00 1.00 1.00 1.00 1.00 1.00 1.00 1.00 1.00 1.00 1.00 1.00 1.00 1.00 1.00 1.00 1.00 1.00 1.00 1.00 1.00 1.00 1.01 1.02 1.04 1.04 1.04 1.05 1.06 1.06 1.05 1.04 1.04 1.06 1.07 1.08 1.08 1.08 1.08 1.09 1.09
1.03 1.02 1.00 1.00 1.00 1.00 1.00 1.00 1.00 1.00 1.00 1.00 1.00 1.00 1.00 1.00 1.00 1.00 1.01 1.02 1.03 1.05 1.06 1.06 1.03 1.01 1.00 1.00 1.00 1.00 1.00 1.00 1.00 1.00 1.00 1.00 1.00 1.00 1.00 1.00 1.00 1.00 1.00 1.00 1.00 1.00 1.00 1.00 1.00 1.00 1.00 1.00 1.00 1.00 1.00 1.00 1.00 1.00 1.00 1.00 1.00 1.00 1.00 1.00 1.01 1.02 1.04 1.04 1.04 1.04 1.05 1.05 1.04 1.03 1.03 1.05 1.07 1.08 1.08 1.08 1.08 1.09 1.09 1.09
