tests_characterisation/test_topographic/small_test/topo_expected_output/mh_s_smooth.asc
ncols         244
nrows         213
xllcorner     562275.0
yllcorner     1449255.0
cellsize       91.363586
[rows 38 to 75 of 213, columns 84 to 167 of 244]
1.06 1.08 1.07 1.07 1.06 1.07 1.05 1.05 1.05 1.07 1.08 1.08 1.09 1.09 1.10 1.15 1.18 1.18 1.15 1.16 1.19 1.21 1.22 1.24 1.27 1.29 1.32 1.34 1.35 1.37 1.35 1.32 1.27 1.31 1.35 1.37 1.35 1.34 1.38 1.43 1.46 1.47 1.47 1.49 1.49 1.49 1.49 1.49 1.52 1.53 1.53 1.53 1.52 1.56 1.60 1.65 1.65 1.65 1.64 1.65 1.63 1.62 1.59 1.58 1.54 1.51 1.47 1.45 1.44 1.42 1.40 1.38 1.37 1.35 1.34 1.30 1.27 1.24 1.24 1.24 1.24 1.21 1.19 1.18
1.06 1.08 1.08 1.08 1.08 1.08 1.07 1.07 1.07 1.09 1.09 1.09 1.10 1.10 1.12 1.15 1.19 1.20 1.17 1.17 1.20 1.21 1.21 1.23 1.27 1.30 1.32 1.35 1.35 1.38 1.34 1.30 1.24 1.29 1.34 1.35 1.32 1.29 1.35 1.42 1.44 1.42 1.38 1.42 1.43 1.45 1.44 1.45 1.47 1.48 1.48 1.50 1.48 1.52 1.54 1.59 1.59 1.58 1.58 1.60 1.58 1.58 1.55 1.55 1.53 1.49 1.46 1.43 1.42 1.40 1.38 1.38 1.37 1.37 1.35 1.32 1.29 1.26 1.26 1.26 1.25 1.22 1.20 1.19
1.05 1.06 1.08 1.10 1.10 1.10 1.08 1.09 1.10 1.12 1.12 1.12 1.13 1.12 1.13 1.16 1.19 1.20 1.18 1.18 1.20 1.22 1.23 1.25 1.28 1.31 1.33 1.35 1.36 1.38 1.33 1.29 1.23 1.29 1.35 1.35 1.31 1.27 1.34 1.42 1.43 1.38 1.32 1.37 1.39 1.42 1.39 1.41 1.42 1.44 1.44 1.47 1.45 1.49 1.48 1.53 1.52 1.52 1.51 1.53 1.52 1.52 1.50 1.50 1.48 1.45 1.43 1.39 1.38 1.37 1.35 1.36 1.37 1.38 1.37 1.35 1.32 1.29 1.27 1.27 1.26 1.24 1.22 1.20
1.05 1.07 1.08 1.10 1.10 1.10 1.08 1.11 1.14 1.15 1.13 1.13 1.14 1.14 1.15 1.16 1.18 1.19 1.20 1.22 1.25 1.29 1.30 1.28 1.28 1.32 1.34 1.36 1.37 1.38 1.33 1.28 1.23 1.30 1.35 1.36 1.31 1.27 1.35 1.43 1.43 1.36 1.28 1.35 1.36 1.40 1.36 1.38 1.37 1.39 1.39 1.44 1.43 1.45 1.43 1.46 1.46 1.45 1.44 1.46 1.45 1.46 1.44 1.44 1.43 1.41 1.38 1.35 1.34 1.33 1.32 1.34 1.36 1.39 1.38 1.38 1.35 1.33 1.29 1.28 1.27 1.25 1.23 1.21
1.06 1.07 1.08 1.10 1.09 1.09 1.08 1.12 1.14 1.15 1.14 1.13 1.14 1.15 1.16 1.18 1.18 1.20 1.23 1.26 1.29 1.30 1.31 1.29 1.29 1.32 1.35 1.37 1.38 1.39 1.34 1.29 1.24 1.30 1.36 1.37 1.32 1.28 1.36 1.44 1.44 1.36 1.28 1.34 1.35 1.40 1.34 1.36 1.33 1.35 1.35 1.42 1.40 1.42 1.37 1.40 1.39 1.38 1.38 1.40 1.39 1.40 1.38 1.39 1.38 1.36 1.34 1.32 1.31 1.30 1.29 1.31 1.34 1.37 1.37 1.38 1.37 1.37 1.34 1.31 1.28 1.26 1.24 1.21
1.06 1.07 1.08 1.08 1.08 1.09 1.09 1.12 1.14 1.14 1.13 1.13 1.15 1.16 1.18 1.19 1.19 1.22 1.25 1.29 1.30 1.28 1.29 1.28 1.30 1.32 1.35 1.37 1.38 1.40 1.34 1.29 1.24 1.31 1.37 1.37 1.33 1.28 1.36 1.45 1.44 1.36 1.28 1.35 1.35 1.40 1.33 1.35 1.31 1.32 1.31 1.40 1.38 1.40 1.32 1.34 1.33 1.32 1.33 1.36 1.35 1.35 1.33 1.33 1.33 1.31 1.31 1.28 1.28 1.27 1.26 1.28 1.30 1.34 1.35 1.36 1.36 1.37 1.35 1.32 1.29 1.27 1.25 1.22
1.07 1.08 1.08 1.09 1.09 1.10 1.10 1.12 1.13 1.14 1.14 1.14 1.16 1.18 1.20 1.21 1.21 1.24 1.27 1.31 1.28 1.24 1.25 1.26 1.31 1.31 1.34 1.36 1.38 1.39 1.34 1.30 1.24 1.31 1.37 1.38 1.33 1.28 1.37 1.45 1.45 1.37 1.28 1.36 1.36 1.41 1.34 1.36 1.30 1.30 1.28 1.39 1.38 1.38 1.28 1.29 1.28 1.27 1.30 1.34 1.33 1.30 1.27 1.28 1.28 1.26 1.27 1.26 1.27 1.24 1.23 1.24 1.27 1.31 1.31 1.32 1.33 1.35 1.33 1.31 1.28 1.27 1.26 1.23
1.08 1.08 1.09 1.10 1.10 1.11 1.12 1.14 1.15 1.15 1.15 1.16 1.18 1.19 1.21 1.21 1.22 1.27 1.30 1.34 1.30 1.25 1.25 1.26 1.30 1.30 1.32 1.35 1.36 1.38 1.34 1.29 1.24 1.31 1.38 1.39 1.34 1.29 1.38 1.46 1.46 1.38 1.29 1.36 1.36 1.42 1.34 1.36 1.30 1.30 1.27 1.39 1.38 1.38 1.27 1.26 1.25 1.24 1.29 1.33 1.32 1.28 1.23 1.23 1.23 1.22 1.25 1.24 1.26 1.22 1.22 1.21 1.23 1.27 1.28 1.30 1.31 1.33 1.30 1.29 1.27 1.27 1.25 1.23
1.08 1.09 1.09 1.10 1.11 1.12 1.14 1.15 1.16 1.17 1.17 1.17 1.19 1.19 1.20 1.19 1.22 1.28 1.31 1.33 1.29 1.25 1.24 1.24 1.28 1.28 1.31 1.33 1.34 1.36 1.32 1.28 1.24 1.31 1.37 1.38 1.34 1.29 1.38 1.47 1.47 1.38 1.29 1.37 1.37 1.42 1.35 1.37 1.31 1.30 1.28 1.40 1.39 1.39 1.26 1.25 1.24 1.23 1.29 1.33 1.32 1.26 1.21 1.20 1.21 1.20 1.24 1.23 1.26 1.21 1.21 1.18 1.20 1.23 1.24 1.28 1.31 1.34 1.30 1.27 1.24 1.25 1.24 1.23
1.09 1.09 1.10 1.11 1.12 1.14 1.15 1.17 1.18 1.18 1.18 1.18 1.18 1.17 1.16 1.16 1.23 1.27 1.30 1.27 1.25 1.23 1.23 1.23 1.26 1.27 1.29 1.31 1.32 1.34 1.31 1.27 1.23 1.30 1.36 1.37 1.33 1.29 1.38 1.47 1.47 1.39 1.30 1.38 1.38 1.43 1.36 1.38 1.31 1.31 1.28 1.40 1.40 1.39 1.27 1.25 1.25 1.23 1.29 1.34 1.33 1.26 1.20 1.19 1.20 1.19 1.25 1.23 1.27 1.21 1.20 1.17 1.17 1.20 1.20 1.24 1.28 1.33 1.29 1.25 1.22 1.22 1.21 1.20
1.10 1.10 1.11 1.11 1.13 1.15 1.17 1.18 1.19 1.19 1.18 1.16 1.15 1.14 1.14 1.14 1.21 1.23 1.24 1.21 1.21 1.21 1.22 1.22 1.25 1.25 1.28 1.29 1.31 1.32 1.29 1.26 1.23 1.29 1.35 1.36 1.32 1.28 1.37 1.46 1.46 1.38 1.30 1.38 1.38 1.44 1.36 1.38 1.32 1.31 1.29 1.41 1.41 1.40 1.27 1.25 1.25 1.24 1.30 1.34 1.33 1.27 1.20 1.19 1.20 1.19 1.25 1.23 1.27 1.21 1.20 1.16 1.15 1.17 1.17 1.20 1.25 1.30 1.26 1.22 1.19 1.19 1.19 1.18
1.11 1.10 1.11 1.12 1.14 1.16 1.18 1.20 1.19 1.18 1.15 1.14 1.13 1.13 1.13 1.14 1.19 1.19 1.21 1.18 1.21 1.20 1.22 1.22 1.25 1.24 1.26 1.27 1.29 1.30 1.28 1.25 1.23 1.28 1.33 1.34 1.32 1.28 1.36 1.44 1.45 1.37 1.29 1.37 1.37 1.43 1.36 1.38 1.32 1.32 1.29 1.42 1.42 1.41 1.27 1.26 1.25 1.24 1.30 1.35 1.34 1.27 1.21 1.20 1.20 1.19 1.26 1.24 1.28 1.22 1.21 1.16 1.15 1.15 1.14 1.17 1.21 1.25 1.23 1.19 1.16 1.17 1.16 1.16
1.11 1.11 1.12 1.12 1.15 1.17 1.20 1.21 1.18 1.15 1.12 1.12 1.12 1.12 1.13 1.15 1.17 1.17 1.19 1.20 1.22 1.19 1.22 1.22 1.24 1.23 1.24 1.26 1.27 1.28 1.26 1.24 1.22 1.27 1.32 1.33 1.31 1.27 1.35 1.43 1.43 1.36 1.29 1.36 1.36 1.42 1.36 1.38 1.32 1.32 1.29 1.43 1.42 1.42 1.28 1.26 1.26 1.24 1.30 1.35 1.35 1.27 1.21 1.20 1.20 1.20 1.26 1.24 1.29 1.22 1.21 1.16 1.14 1.14 1.13 1.15 1.18 1.21 1.19 1.16 1.14 1.14 1.14 1.13
1.12 1.11 1.12 1.13 1.16 1.18 1.20 1.20 1.17 1.13 1.11 1.12 1.12 1.14 1.14 1.17 1.18 1.19 1.23 1.23 1.24 1.19 1.21 1.21 1.23 1.21 1.23 1.24 1.25 1.26 1.25 1.23 1.22 1.26 1.31 1.32 1.30 1.27 1.34 1.41 1.41 1.35 1.28 1.35 1.35 1.41 1.35 1.37 1.32 1.31 1.29 1.42 1.42 1.42 1.28 1.26 1.26 1.25 1.31 1.36 1.35 1.28 1.21 1.20 1.21 1.20 1.27 1.25 1.30 1.22 1.22 1.16 1.15 1.14 1.13 1.13 1.15 1.17 1.17 1.14 1.13 1.12 1.12 1.12
1.13 1.12 1.13 1.13 1.17 1.18 1.20 1.18 1.15 1.12 1.11 1.12 1.13 1.15 1.16 1.19 1.21 1.24 1.26 1.26 1.23 1.19 1.21 1.20 1.22 1.20 1.21 1.22 1.23 1.24 1.23 1.22 1.21 1.25 1.29 1.30 1.29 1.26 1.33 1.39 1.39 1.34 1.28 1.34 1.34 1.40 1.34 1.36 1.31 1.31 1.29 1.41 1.41 1.41 1.28 1.26 1.26 1.25 1.31 1.36 1.36 1.28 1.21 1.20 1.21 1.20 1.28 1.25 1.31 1.23 1.22 1.16 1.15 1.14 1.13 1.13 1.14 1.15 1.15 1.13 1.13 1.12 1.12 1.11
1.14 1.12 1.13 1.13 1.17 1.17 1.17 1.15 1.14 1.12 1.12 1.14 1.16 1.20 1.19 1.20 1.20 1.24 1.24 1.24 1.21 1.18 1.20 1.19 1.20 1.18 1.20 1.20 1.21 1.22 1.22 1.21 1.21 1.24 1.28 1.29 1.28 1.26 1.32 1.37 1.37 1.32 1.27 1.33 1.33 1.38 1.33 1.35 1.31 1.30 1.28 1.39 1.39 1.39 1.27 1.26 1.26 1.25 1.31 1.36 1.36 1.28 1.21 1.20 1.21 1.20 1.28 1.26 1.32 1.23 1.23 1.16 1.15 1.14 1.13 1.13 1.14 1.14 1.15 1.13 1.13 1.13 1.13 1.12
1.14 1.13 1.13 1.13 1.16 1.15 1.14 1.11 1.13 1.14 1.15 1.18 1.22 1.26 1.22 1.20 1.19 1.22 1.20 1.20 1.18 1.17 1.19 1.18 1.19 1.17 1.18 1.19 1.19 1.20 1.20 1.20 1.20 1.23 1.27 1.28 1.27 1.25 1.30 1.35 1.36 1.31 1.27 1.32 1.32 1.37 1.32 1.35 1.30 1.30 1.28 1.37 1.37 1.37 1.27 1.26 1.25 1.24 1.30 1.35 1.35 1.28 1.22 1.20 1.21 1.21 1.29 1.26 1.32 1.24 1.23 1.16 1.15 1.14 1.13 1.13 1.14 1.14 1.15 1.13 1.13 1.13 1.14 1.13
1.15 1.13 1.12 1.11 1.13 1.12 1.11 1.09 1.13 1.18 1.19 1.21 1.23 1.26 1.22 1.18 1.17 1.17 1.16 1.16 1.17 1.17 1.18 1.17 1.18 1.16 1.16 1.17 1.17 1.18 1.19 1.19 1.20 1.22 1.25 1.26 1.26 1.25 1.29 1.33 1.34 1.30 1.26 1.31 1.31 1.36 1.32 1.34 1.29 1.29 1.27 1.35 1.35 1.35 1.26 1.25 1.25 1.24 1.30 1.34 1.34 1.27 1.21 1.20 1.21 1.21 1.29 1.27 1.33 1.24 1.23 1.16 1.15 1.15 1.14 1.13 1.14 1.15 1.15 1.13 1.14 1.14 1.15 1.15
1.15 1.13 1.11 1.10 1.11 1.11 1.10 1.09 1.12 1.17 1.18 1.20 1.21 1.24 1.21 1.17 1.17 1.17 1.16 1.16 1.16 1.16 1.17 1.16 1.16 1.14 1.15 1.15 1.15 1.16 1.17 1.18 1.20 1.21 1.24 1.25 1.25 1.24 1.28 1.32 1.32 1.29 1.26 1.30 1.30 1.34 1.31 1.33 1.29 1.28 1.27 1.34 1.33 1.33 1.26 1.25 1.24 1.24 1.29 1.33 1.32 1.27 1.21 1.20 1.21 1.20 1.29 1.27 1.33 1.24 1.23 1.17 1.15 1.15 1.14 1.13 1.14 1.15 1.15 1.14 1.14 1.15 1.17 1.16
1.15 1.13 1.10 1.09 1.09 1.10 1.09 1.09 1.12 1.16 1.17 1.17 1.16 1.19 1.18 1.17 1.17 1.17 1.16 1.15 1.16 1.15 1.16 1.15 1.15 1.13 1.13 1.13 1.14 1.14 1.16 1.17 1.19 1.20 1.23 1.23 1.24 1.23 1.27 1.30 1.30 1.28 1.25 1.29 1.29 1.33 1.30 1.32 1.28 1.28 1.26 1.32 1.31 1.31 1.25 1.24 1.24 1.23 1.28 1.32 1.31 1.26 1.21 1.20 1.21 1.20 1.28 1.26 1.32 1.24 1.23 1.17 1.15 1.15 1.14 1.13 1.14 1.15 1.15 1.14 1.15 1.16 1.18 1.18
1.15 1.12 1.09 1.09 1.08 1.09 1.10 1.11 1.12 1.14 1.14 1.15 1.16 1.19 1.18 1.17 1.17 1.17 1.16 1.15 1.15 1.14 1.15 1.14 1.14 1.11 1.12 1.12 1.13 1.13 1.15 1.17 1.19 1.19 1.21 1.22 1.23 1.23 1.26 1.28 1.28 1.27 1.25 1.28 1.28 1.32 1.29 1.31 1.27 1.27 1.26 1.30 1.30 1.29 1.25 1.24 1.24 1.23 1.27 1.30 1.30 1.25 1.20 1.19 1.20 1.20 1.26 1.24 1.29 1.22 1.22 1.16 1.15 1.15 1.14 1.13 1.14 1.15 1.16 1.15 1.16 1.18 1.19 1.19
1.13 1.11 1.09 1.09 1.09 1.10 1.11 1.13 1.13 1.15 1.14 1.14 1.15 1.17 1.16 1.16 1.16 1.16 1.15 1.14 1.14 1.14 1.14 1.14 1.12 1.10 1.11 1.12 1.12 1.13 1.14 1.16 1.18 1.18 1.20 1.21 1.22 1.22 1.25 1.26 1.27 1.25 1.24 1.27 1.27 1.30 1.28 1.30 1.27 1.27 1.25 1.28 1.28 1.27 1.25 1.23 1.23 1.22 1.26 1.29 1.29 1.24 1.20 1.19 1.20 1.19 1.25 1.23 1.27 1.21 1.21 1.16 1.15 1.15 1.14 1.13 1.14 1.15 1.16 1.15 1.17 1.19 1.20 1.20
1.11 1.10 1.09 1.09 1.09 1.10 1.12 1.14 1.15 1.15 1.13 1.13 1.13 1.14 1.14 1.14 1.15 1.15 1.15 1.14 1.14 1.13 1.14 1.13 1.11 1.10 1.10 1.12 1.12 1.13 1.14 1.16 1.18 1.18 1.19 1.19 1.21 1.22 1.23 1.24 1.25 1.24 1.24 1.26 1.27 1.29 1.27 1.29 1.26 1.26 1.25 1.26 1.26 1.25 1.24 1.23 1.23 1.22 1.25 1.28 1.27 1.23 1.20 1.19 1.19 1.19 1.23 1.21 1.24 1.20 1.19 1.16 1.15 1.14 1.13 1.13 1.14 1.15 1.15 1.16 1.17 1.19 1.21 1.21
1.09 1.08 1.09 1.09 1.10 1.11 1.13 1.15 1.15 1.14 1.12 1.12 1.12 1.12 1.12 1.13 1.14 1.14 1.14 1.13 1.13 1.12 1.13 1.12 1.11 1.10 1.10 1.12 1.12 1.13 1.14 1.16 1.18 1.17 1.17 1.18 1.21 1.21 1.22 1.23 1.23 1.23 1.23 1.25 1.26 1.28 1.26 1.28 1.26 1.25 1.24 1.24 1.24 1.23 1.24 1.23 1.22 1.22 1.24 1.26 1.26 1.23 1.19 1.18 1.19 1.19 1.21 1.20 1.22 1.19 1.18 1.16 1.14 1.14 1.13 1.13 1.14 1.14 1.15 1.16 1.17 1.19 1.19 1.20
1.07 1.07 1.08 1.09 1.12 1.11 1.13 1.14 1.13 1.13 1.11 1.11 1.11 1.11 1.12 1.12 1.14 1.14 1.13 1.13 1.12 1.12 1.12 1.12 1.10 1.10 1.10 1.12 1.13 1.13 1.14 1.15 1.17 1.16 1.16 1.17 1.20 1.21 1.21 1.21 1.21 1.22 1.23 1.24 1.25 1.26 1.26 1.27 1.25 1.25 1.24 1.22 1.22 1.21 1.23 1.22 1.22 1.21 1.24 1.25 1.25 1.22 1.19 1.18 1.19 1.18 1.20 1.18 1.19 1.18 1.17 1.15 1.14 1.14 1.13 1.13 1.13 1.14 1.14 1.16 1.16 1.17 1.16 1.17
1.06 1.06 1.08 1.10 1.12 1.11 1.11 1.12 1.12 1.11 1.10 1.10 1.11 1.11 1.12 1.12 1.13 1.13 1.13 1.12 1.11 1.11 1.11 1.11 1.10 1.10 1.11 1.12 1.13 1.13 1.14 1.15 1.17 1.15 1.15 1.16 1.19 1.20 1.20 1.19 1.19 1.21 1.22 1.23 1.24 1.25 1.25 1.26 1.24 1.24 1.23 1.21 1.21 1.20 1.23 1.22 1.22 1.21 1.23 1.24 1.24 1.21 1.19 1.18 1.18 1.18 1.18 1.17 1.17 1.16 1.16 1.15 1.14 1.14 1.13 1.12 1.13 1.14 1.14 1.17 1.16 1.16 1.13 1.14
1.04 1.04 1.07 1.10 1.11 1.10 1.11 1.11 1.11 1.11 1.10 1.10 1.11 1.11 1.12 1.11 1.12 1.12 1.12 1.12 1.11 1.10 1.10 1.11 1.10 1.10 1.11 1.12 1.13 1.13 1.14 1.15 1.16 1.15 1.14 1.15 1.18 1.20 1.19 1.17 1.18 1.20 1.22 1.22 1.23 1.24 1.24 1.25 1.24 1.24 1.23 1.20 1.20 1.19 1.22 1.21 1.21 1.20 1.22 1.23 1.22 1.20 1.18 1.17 1.18 1.18 1.17 1.16 1.15 1.15 1.15 1.15 1.14 1.13 1.13 1.12 1.13 1.13 1.14 1.16 1.15 1.15 1.11 1.12
1.03 1.03 1.06 1.09 1.11 1.11 1.12 1.13 1.13 1.12 1.11 1.10 1.12 1.12 1.12 1.11 1.11 1.11 1.12 1.11 1.10 1.10 1.10 1.11 1.10 1.11 1.11 1.12 1.13 1.13 1.14 1.15 1.16 1.15 1.13 1.14 1.17 1.19 1.18 1.15 1.16 1.19 1.21 1.21 1.22 1.22 1.23 1.24 1.23 1.23 1.22 1.20 1.20 1.19 1.22 1.21 1.21 1.20 1.21 1.21 1.21 1.19 1.18 1.17 1.18 1.17 1.16 1.15 1.14 1.14 1.14 1.14 1.13 1.13 1.12 1.12 1.12 1.13 1.13 1.15 1.14 1.14 1.11 1.11
1.03 1.03 1.05 1.08 1.11 1.14 1.16 1.17 1.18 1.16 1.13 1.10 1.12 1.12 1.12 1.11 1.10 1.11 1.11 1.11 1.10 1.09 1.10 1.11 1.10 1.11 1.11 1.12 1.13 1.14 1.14 1.14 1.15 1.14 1.13 1.14 1.16 1.19 1.17 1.14 1.15 1.18 1.21 1.20 1.21 1.21 1.22 1.23 1.23 1.22 1.22 1.19 1.19 1.19 1.21 1.21 1.20 1.20 1.20 1.20 1.20 1.19 1.18 1.17 1.17 1.17 1.16 1.15 1.14 1.14 1.13 1.14 1.13 1.13 1.12 1.12 1.12 1.12 1.13 1.14 1.13 1.13 1.11 1.12
1.03 1.02 1.05 1.08 1.11 1.13 1.16 1.17 1.18 1.16 1.13 1.10 1.12 1.12 1.12 1.10 1.10 1.10 1.11 1.10 1.09 1.09 1.10 1.11 1.11 1.11 1.11 1.13 1.13 1.14 1.14 1.14 1.15 1.14 1.12 1.13 1.15 1.18 1.16 1.14 1.14 1.17 1.21 1.19 1.20 1.20 1.21 1.22 1.22 1.22 1.21 1.19 1.19 1.19 1.21 1.20 1.20 1.19 1.19 1.19 1.18 1.18 1.17 1.17 1.17 1.16 1.16 1.15 1.14 1.14 1.13 1.14 1.13 1.13 1.12 1.12 1.12 1.12 1.12 1.13 1.12 1.13 1.12 1.13
1.03 1.02 1.05 1.08 1.10 1.12 1.14 1.15 1.16 1.14 1.12 1.10 1.12 1.12 1.12 1.10 1.09 1.09 1.10 1.10 1.09 1.09 1.10 1.11 1.11 1.11 1.11 1.13 1.14 1.14 1.14 1.14 1.15 1.14 1.12 1.13 1.15 1.18 1.16 1.13 1.14 1.17 1.20 1.18 1.19 1.18 1.21 1.21 1.21 1.21 1.21 1.19 1.19 1.18 1.20 1.20 1.19 1.19 1.18 1.18 1.17 1.17 1.17 1.16 1.16 1.16 1.16 1.14 1.14 1.14 1.13 1.14 1.13 1.12 1.12 1.11 1.12 1.12 1.12 1.13 1.12 1.14 1.13 1.15
1.03 1.02 1.05 1.08 1.10 1.10 1.11 1.12 1.12 1.11 1.10 1.10 1.11 1.12 1.12 1.09 1.08 1.09 1.10 1.10 1.09 1.09 1.10 1.11 1.11 1.12 1.12 1.13 1.14 1.14 1.14 1.14 1.14 1.14 1.12 1.13 1.14 1.17 1.15 1.13 1.14 1.17 1.20 1.17 1.18 1.17 1.20 1.20 1.21 1.21 1.20 1.18 1.18 1.18 1.20 1.19 1.19 1.18 1.17 1.16 1.16 1.16 1.16 1.16 1.16 1.16 1.15 1.14 1.14 1.13 1.13 1.13 1.12 1.12 1.11 1.11 1.11 1.11 1.11 1.12 1.12 1.14 1.14 1.17
1.03 1.02 1.05 1.09 1.10 1.10 1.11 1.12 1.12 1.11 1.10 1.10 1.10 1.11 1.11 1.09 1.08 1.08 1.09 1.10 1.09 1.09 1.10 1.11 1.12 1.12 1.12 1.13 1.14 1.14 1.14 1.14 1.14 1.13 1.12 1.13 1.14 1.17 1.15 1.13 1.14 1.16 1.19 1.16 1.17 1.16 1.19 1.19 1.20 1.20 1.20 1.18 1.18 1.18 1.19 1.19 1.19 1.18 1.17 1.15 1.15 1.15 1.16 1.16 1.16 1.15 1.15 1.14 1.14 1.13 1.13 1.13 1.12 1.12 1.11 1.11 1.11 1.11 1.11 1.12 1.12 1.14 1.13 1.16
1.03 1.02 1.05 1.09 1.10 1.10 1.11 1.12 1.12 1.11 1.10 1.10 1.10 1.10 1.10 1.09 1.08 1.08 1.09 1.09 1.09 1.09 1.10 1.11 1.12 1.13 1.12 1.13 1.14 1.14 1.14 1.13 1.13 1.13 1.12 1.13 1.14 1.16 1.15 1.13 1.14 1.16 1.19 1.16 1.16 1.15 1.18 1.18 1.20 1.19 1.19 1.18 1.18 1.18 1.19 1.18 1.18 1.18 1.16 1.14 1.13 1.15 1.16 1.15 1.15 1.15 1.15 1.14 1.14 1.13 1.13 1.13 1.12 1.12 1.11 1.11 1.11 1.10 1.10 1.12 1.12 1.13 1.12 1.14
1.03 1.02 1.06 1.09 1.10 1.10 1.11 1.11 1.11 1.11 1.09 1.09 1.09 1.10 1.09 1.09 1.07 1.08 1.08 1.09 1.09 1.09 1.10 1.11 1.13 1.13 1.13 1.13 1.14 1.14 1.14 1.13 1.13 1.13 1.12 1.12 1.14 1.16 1.14 1.13 1.13 1.16 1.18 1.15 1.16 1.14 1.17 1.17 1.19 1.19 1.19 1.17 1.17 1.17 1.18 1.18 1.18 1.17 1.15 1.13 1.12 1.14 1.15 1.15 1.15 1.15 1.15 1.14 1.14 1.13 1.13 1.12 1.12 1.11 1.11 1.10 1.10 1.10 1.10 1.12 1.12 1.13 1.12 1.13
1.03 1.02 1.06 1.09 1.10 1.09 1.10 1.10 1.10 1.10 1.09 1.09 1.09 1.09 1.09 1.09 1.07 1.08 1.08 1.09 1.09 1.09 1.10 1.12 1.13 1.14 1.13 1.13 1.14 1.14 1.13 1.13 1.13 1.13 1.12 1.12 1.13 1.15 1.14 1.13 1.13 1.15 1.18 1.15 1.15 1.13 1.16 1.16 1.18 1.18 1.18 1.17 1.17 1.17 1.18 1.18 1.17 1.17 1.15 1.12 1.12 1.13 1.15 1.15 1.15 1.14 1.15 1.14 1.13 1.13 1.12 1.12 1.11 1.11 1.11 1.10 1.10 1.10 1.09 1.11 1.12 1.13 1.12 1.13
1.03 1.02 1.06 1.09 1.10 1.09 1.09 1.10 1.09 1.09 1.09 1.09 1.09 1.09 1.09 1.09 1.07 1.08 1.08 1.09 1.09 1.09 1.10 1.12 1.14 1.14 1.14 1.13 1.14 1.14 1.13 1.12 1.12 1.12 1.12 1.12 1.13 1.15 1.14 1.13 1.13 1.15 1.17 1.15 1.15 1.13 1.15 1.15 1.18 1.18 1.18 1.17 1.17 1.16 1.18 1.17 1.17 1.17 1.14 1.12 1.11 1.13 1.15 1.14 1.14 1.14 1.14 1.13 1.13 1.13 1.12 1.12 1.11 1.11 1.10 1.10 1.10 1.09 1.09 1.11 1.11 1.13 1.11 1.13
1.03 1.02 1.06 1.08 1.09 1.08 1.08 1.09 1.09 1.09 1.09 1.09 1.09 1.09 1.09 1.08 1.07 1.08 1.08 1.09 1.09 1.09 1.10 1.12 1.14 1.14 1.14 1.13 1.14 1.14 1.13 1.12 1.12 1.12 1.12 1.12 1.13 1.14 1.13 1.13 1.13 1.15 1.17 1.15 1.15 1.12 1.15 1.14 1.17 1.17 1.17 1.16 1.16 1.16 1.17 1.17 1.16 1.16 1.14 1.12 1.11 1.13 1.14 1.14 1.14 1.14 1.14 1.13 1.13 1.12 1.12 1.11 1.11 1.11 1.10 1.10 1.09 1.09 1.08 1.10 1.11 1.12 1.11 1.12
