previous_versions/octave/input/dem.asc
ncols         244
nrows         213
xllcorner     562275
yllcorner     1449255
cellsize      91.363586042674
NODATA_value  -9999
[rows 42 to 83 of 213, columns 95 to 189 of 244]
693 715 737 763 823 851 888 921 953 984 1015 1048 1090 1132 1160 1200 1236 1262 1293 1341 1377 1416 1459 1501 1556 1608 1656 1706 1755 1806 1851 1890 1920 1951 1965 1977 1988 1958 1967 1936 1874 1839 1817 1810 1792 1749 1697 1652 1603 1559 1520 1483 1439 1384 1347 1311 1272 1230 1184 1153 1124 1082 1045 999 953 919 873 828 797 774 749 727 707 688 667 636 613 588 573 556 540 530 516 491 471 452 436 420 412 400 387 376 369 362 347
681 705 725 752 808 850 888 909 930 953 985 1036 1091 1132 1160 1200 1194 1227 1265 1309 1351 1383 1428 1476 1527 1574 1623 1674 1723 1769 1811 1839 1866 1888 1899 1911 1915 1895 1900 1893 1839 1795 1767 1746 1732 1708 1663 1615 1576 1525 1482 1442 1411 1367 1312 1266 1237 1196 1156 1106 1074 1042 1008 976 957 929 888 841 802 772 745 723 695 671 652 625 608 591 579 565 551 535 522 502 481 453 433 421 397 393 384 370 356 352 343
677 704 731 757 805 843 866 879 898 935 987 1035 1075 1107 1137 1165 1194 1227 1265 1287 1317 1357 1404 1448 1499 1548 1596 1646 1695 1730 1761 1785 1808 1830 1841 1844 1845 1821 1828 1843 1816 1763 1727 1699 1676 1652 1619 1579 1545 1502 1446 1403 1372 1336 1294 1245 1204 1166 1123 1087 1050 1011 977 937 923 914 887 853 812 783 748 722 701 670 653 628 604 587 572 554 541 529 514 498 479 451 424 413 388 382 373 364 351 344 335
697 726 743 758 771 822 847 874 906 951 988 1017 1046 1078 1098 1125 1160 1201 1243 1287 1317 1357 1380 1425 1474 1521 1580 1630 1661 1687 1707 1727 1750 1770 1780 1784 1786 1759 1776 1794 1768 1733 1689 1653 1616 1590 1562 1533 1500 1466 1420 1381 1340 1295 1262 1221 1176 1139 1102 1069 1038 995 961 918 890 877 865 843 815 785 751 714 689 673 656 630 590 574 558 536 517 506 493 479 457 436 418 408 383 374 366 358 347 334 329
706 724 738 755 765 823 854 880 911 937 959 984 1021 1049 1075 1105 1146 1188 1221 1253 1292 1328 1380 1425 1474 1521 1549 1579 1603 1633 1653 1675 1695 1712 1722 1721 1719 1701 1717 1727 1715 1686 1659 1620 1578 1544 1495 1475 1453 1428 1395 1360 1311 1265 1233 1195 1158 1118 1085 1061 1022 994 960 919 879 854 834 814 795 769 743 720 692 665 642 621 582 563 547 526 506 490 475 458 437 422 411 404 392 368 358 353 345 336 331
694 708 725 748 759 821 845 857 884 912 938 980 1009 1032 1063 1095 1132 1168 1195 1219 1266 1311 1357 1401 1446 1495 1549 1579 1603 1577 1597 1622 1645 1658 1668 1662 1649 1640 1662 1665 1654 1631 1611 1579 1539 1509 1461 1428 1400 1372 1350 1323 1280 1243 1200 1164 1136 1099 1067 1037 1000 978 951 916 879 860 825 796 771 747 728 708 685 667 642 620 597 576 551 527 500 477 468 453 438 422 406 399 385 361 351 342 341 335 326
681 692 713 732 759 795 810 825 857 898 936 966 987 1013 1050 1079 1115 1136 1155 1192 1245 1288 1328 1368 1422 1473 1506 1529 1550 1577 1597 1622 1588 1601 1609 1604 1590 1590 1608 1604 1597 1581 1558 1536 1509 1471 1435 1397 1356 1324 1299 1282 1256 1220 1179 1144 1101 1071 1043 1018 983 951 925 899 870 845 821 795 768 733 705 685 668 652 633 612 595 578 550 526 503 484 466 452 440 427 408 393 383 356 346 335 328 333 324
676 687 704 724 752 761 781 808 842 884 906 924 950 990 1024 1053 1079 1110 1138 1182 1222 1261 1293 1350 1403 1434 1452 1477 1503 1527 1549 1567 1588 1601 1609 1543 1541 1530 1550 1545 1537 1523 1507 1489 1465 1430 1399 1376 1340 1286 1255 1230 1212 1184 1152 1121 1086 1039 1005 983 951 925 898 876 854 829 802 778 751 721 696 677 657 638 619 602 588 570 547 527 508 492 471 452 437 425 415 393 380 361 351 332 319 318 319
665 676 693 703 713 726 764 790 826 857 880 912 940 973 1003 1034 1063 1091 1133 1168 1193 1232 1284 1334 1358 1380 1401 1427 1451 1472 1496 1515 1530 1544 1547 1543 1541 1530 1496 1487 1479 1477 1458 1441 1419 1387 1357 1333 1311 1283 1242 1196 1171 1143 1121 1096 1062 1014 973 949 929 900 865 856 835 811 794 768 740 712 687 668 650 638 619 601 583 560 543 519 495 482 469 450 436 424 407 393 378 365 349 333 318 305 306
655 669 679 679 686 706 757 797 824 852 889 908 926 952 980 1018 1048 1075 1104 1126 1167 1223 1275 1297 1312 1330 1358 1383 1404 1423 1445 1462 1478 1490 1495 1483 1486 1482 1496 1487 1479 1477 1410 1386 1381 1351 1314 1278 1256 1247 1230 1185 1137 1105 1088 1063 1028 983 937 905 897 876 840 827 814 786 772 759 736 705 676 650 638 631 617 599 580 556 536 514 487 471 460 452 446 426 402 391 381 365 344 330 314 304 296
636 639 642 663 694 726 772 794 814 841 864 885 914 941 973 1001 1026 1047 1075 1109 1161 1218 1244 1249 1264 1293 1318 1337 1353 1374 1394 1412 1425 1433 1437 1429 1437 1432 1438 1430 1423 1425 1410 1386 1381 1308 1270 1236 1211 1191 1184 1164 1121 1074 1056 1034 998 961 924 885 859 847 822 801 788 768 746 737 718 689 660 636 619 616 607 591 573 556 537 510 474 461 446 443 440 418 401 385 371 360 337 324 310 303 301
609 632 665 695 713 729 751 768 800 828 849 872 900 927 949 976 1000 1021 1048 1090 1150 1186 1193 1202 1227 1261 1272 1289 1303 1325 1345 1361 1374 1381 1380 1373 1384 1377 1380 1376 1367 1366 1355 1331 1331 1308 1270 1236 1180 1145 1128 1122 1108 1058 1022 999 965 928 901 873 841 821 801 781 766 750 729 711 698 679 647 625 605 597 591 574 560 544 527 501 464 457 439 432 427 411 396 384 367 357 340 328 315 302 290
623 651 673 689 696 706 712 767 790 813 835 856 884 907 927 949 972 993 1026 1079 1126 1141 1145 1157 1184 1213 1220 1237 1256 1280 1300 1315 1325 1332 1327 1325 1332 1324 1329 1318 1310 1320 1306 1282 1279 1267 1226 1193 1180 1145 1128 1071 1070 1045 998 963 950 915 879 846 825 806 776 755 741 726 710 694 681 663 638 615 596 579 569 556 546 533 519 500 464 450 432 429 420 404 391 380 365 351 341 327 317 307 294
638 647 658 663 670 683 706 759 781 802 814 840 869 887 906 925 943 969 1013 1068 1090 1089 1098 1116 1150 1161 1168 1188 1215 1240 1255 1269 1283 1284 1272 1273 1279 1274 1271 1261 1255 1265 1259 1237 1222 1223 1189 1154 1146 1125 1090 1071 1070 1045 989 945 916 900 865 831 808 784 762 731 715 700 685 674 663 643 624 605 585 570 558 540 528 519 508 487 461 446 433 419 411 397 384 370 354 344 334 319 312 303 288
610 620 632 644 666 689 713 745 766 778 793 823 843 859 876 892 917 957 1004 1039 1042 1042 1053 1082 1108 1111 1120 1151 1178 1207 1212 1229 1247 1248 1217 1221 1226 1223 1217 1203 1202 1219 1214 1192 1170 1169 1153 1112 1102 1091 1075 1037 1027 1023 989 945 916 870 843 816 786 760 740 711 693 673 663 652 644 627 604 585 566 553 543 529 517 501 492 474 456 443 428 417 399 383 376 368 354 338 326 307 301 298 287
584 606 630 646 667 684 698 738 750 758 785 800 810 818 834 864 901 946 978 992 997 999 1015 1040 1060 1066 1091 1128 1150 1171 1177 1193 1217 1202 1169 1174 1172 1166 1153 1150 1153 1170 1168 1151 1123 1116 1111 1083 1052 1042 1041 1016 989 990 978 933 898 870 843 816 765 738 715 694 673 655 641 633 621 611 593 570 554 545 531 519 507 492 484 467 453 434 419 410 386 370 367 362 351 333 320 299 293 288 284
593 607 619 637 650 672 685 701 728 741 759 775 782 792 822 859 894 925 941 937 946 950 975 999 1022 1029 1055 1093 1119 1134 1143 1164 1179 1156 1124 1129 1128 1128 1103 1097 1111 1120 1120 1110 1085 1069 1065 1045 1014 991 988 985 960 938 938 918 880 843 812 789 765 738 715 694 654 634 621 611 602 589 577 564 547 535 521 508 493 484 474 462 444 422 407 391 376 359 355 352 342 325 312 309 286 276 272
582 594 606 623 640 655 671 687 711 727 737 750 759 785 820 855 874 885 891 892 900 904 920 968 992 994 1025 1060 1081 1092 1110 1140 1132 1098 1077 1092 1088 1087 1060 1050 1069 1075 1076 1064 1044 1030 1020 1001 985 949 936 938 918 895 891 883 865 820 785 754 741 725 702 679 654 634 621 590 581 572 563 551 538 528 516 497 481 472 458 447 439 417 399 386 373 360 354 340 329 315 301 299 280 269 263
573 588 599 621 631 642 652 676 705 715 718 731 751 781 814 834 845 854 849 853 857 864 902 952 952 961 999 1023 1038 1054 1074 1099 1080 1047 1041 1055 1056 1046 1028 1014 1030 1032 1028 1019 1003 991 978 955 941 913 890 893 878 856 848 838 834 811 770 732 716 706 688 664 643 618 603 590 581 572 543 535 526 518 511 496 476 463 450 436 424 413 392 384 373 360 347 336 325 318 308 297 273 260 254
562 578 584 606 613 620 645 665 683 695 707 722 748 774 798 813 828 829 822 824 814 844 883 910 919 931 961 974 1004 1014 1048 1060 1031 1005 1012 1017 1027 1012 991 978 989 985 980 973 966 957 933 920 897 875 857 853 842 821 807 803 799 791 757 714 694 688 673 656 630 608 593 581 567 554 543 535 526 504 500 491 482 456 440 430 418 405 392 380 369 357 347 335 323 313 307 299 275 263 250
553 566 572 585 588 600 627 650 672 682 701 721 741 760 777 790 796 796 793 793 791 821 839 869 885 905 924 949 984 973 1000 1013 994 975 976 981 987 972 952 945 950 941 938 932 931 932 909 881 853 840 826 815 810 803 785 764 766 768 750 702 673 665 648 644 624 602 583 566 559 551 534 517 507 504 500 491 464 448 436 424 416 405 392 379 368 357 345 333 321 313 303 294 283 263 253
540 551 560 569 578 597 615 641 650 679 695 716 724 737 751 770 771 764 766 766 769 790 816 843 858 883 896 937 943 939 965 966 963 950 944 945 942 932 905 900 902 892 895 893 896 902 886 854 823 800 787 781 777 774 760 736 736 739 719 689 663 639 624 621 612 597 581 564 539 536 531 511 492 489 484 473 464 448 436 420 407 400 391 379 367 354 343 333 322 313 302 291 280 262 252
527 535 549 559 577 590 610 632 642 674 685 693 698 710 731 749 743 741 739 742 758 777 805 818 830 855 880 912 904 906 936 926 928 916 912 910 901 883 860 855 857 846 847 855 863 875 861 831 804 775 750 751 739 739 732 712 709 710 699 678 659 623 605 602 595 579 573 564 538 519 516 504 489 476 471 464 453 439 430 420 407 400 382 374 360 351 341 328 317 307 297 286 276 259 249
516 521 529 555 569 579 604 617 628 658 663 671 676 695 719 717 710 703 705 736 745 770 779 789 808 829 857 886 872 878 909 890 890 889 885 881 869 855 825 818 813 805 805 820 829 842 832 805 790 771 734 717 710 697 697 688 688 691 679 664 646 617 588 583 575 563 553 543 525 502 496 490 480 471 457 455 448 438 424 413 404 390 382 374 360 347 334 324 315 304 294 284 274 257 246
498 507 522 546 558 572 590 596 605 632 643 655 653 661 677 679 685 686 690 713 724 751 746 752 781 801 837 865 846 854 875 851 848 850 853 849 841 827 797 778 774 776 782 792 797 807 804 781 764 754 728 702 694 671 663 659 661 668 665 648 617 598 576 564 559 552 538 530 518 493 481 480 470 461 454 439 434 430 419 408 397 387 376 365 357 347 334 324 312 299 289 278 271 261 242
482 498 516 533 543 564 567 581 592 598 617 634 636 631 644 657 672 660 667 688 693 716 721 731 758 768 800 830 824 830 849 823 817 820 824 822 813 804 783 756 743 745 749 755 763 773 781 771 752 730 710 691 673 653 635 624 625 637 645 635 605 584 569 552 543 534 525 513 504 477 467 471 460 447 440 431 422 417 405 395 386 381 371 362 350 339 330 321 312 299 289 273 264 257 243
486 505 513 510 522 541 553 577 587 588 597 616 616 617 629 643 638 625 649 659 669 693 695 711 735 737 760 788 794 805 818 795 784 790 799 796 787 771 756 733 710 720 714 712 731 740 748 751 734 717 699 679 658 636 618 608 597 609 619 606 591 577 560 542 531 522 513 505 491 466 449 453 453 444 428 417 413 410 398 380 379 372 363 355 349 340 328 318 306 296 286 273 264 257 236
475 492 495 493 505 520 545 567 581 578 577 587 598 605 614 622 608 613 628 638 656 673 661 677 703 703 735 752 762 773 789 762 756 763 776 770 761 745 733 713 682 699 689 681 697 705 709 718 714 700 682 665 646 628 612 593 580 592 595 585 573 561 549 540 528 508 497 495 487 472 451 437 430 424 415 408 400 400 397 384 363 359 357 350 342 333 327 311 297 290 282 270 257 249 236
461 468 475 488 500 519 534 548 567 559 561 571 582 593 597 591 573 591 610 626 642 649 632 655 665 671 702 725 734 736 766 743 727 733 750 748 736 720 707 670 655 671 666 659 669 676 681 687 687 679 670 650 626 608 599 583 569 576 574 570 559 546 538 528 526 505 489 475 474 467 456 443 427 411 400 396 390 384 382 375 360 344 345 344 337 328 320 314 301 285 275 263 254 245 235
451 457 469 480 492 511 522 530 535 537 542 556 569 577 565 551 555 577 604 621 619 618 607 615 631 647 667 699 696 692 732 725 705 707 722 731 720 696 676 647 632 649 645 635 645 654 662 664 663 659 652 638 614 589 572 558 555 558 554 554 546 537 529 520 512 503 487 468 455 453 447 434 423 413 401 385 375 373 371 363 357 348 329 325 328 319 312 309 300 287 273 261 250 236 228
445 452 463 471 484 502 512 517 518 522 522 545 554 551 523 529 553 579 598 604 599 599 594 590 624 629 656 672 664 674 710 705 681 682 696 710 704 682 665 648 628 617 628 616 626 634 637 636 641 642 637 624 608 585 561 543 538 542 539 535 536 527 524 518 502 492 486 477 459 437 429 414 402 392 390 381 370 363 361 357 353 346 339 325 313 307 302 299 297 280 270 258 249 237 228
438 445 451 463 476 491 497 501 501 504 513 533 532 519 503 530 563 578 585 589 587 583 569 582 601 607 628 646 639 650 681 676 661 672 689 691 690 670 653 637 619 596 597 595 607 614 612 613 624 625 615 603 598 581 566 542 522 528 529 525 525 518 513 507 500 489 477 468 462 446 427 415 407 389 377 369 360 352 352 351 348 343 337 328 315 296 287 287 287 274 260 251 242 234 225
427 431 439 456 468 476 483 486 486 493 510 516 502 492 525 544 554 566 569 575 571 562 550 569 572 583 605 626 614 623 653 652 644 662 674 669 669 651 635 617 609 592 575 578 594 597 589 599 609 607 594 580 575 574 565 541 516 511 512 513 512 507 501 490 485 480 472 458 451 445 432 420 408 398 386 376 360 343 340 343 342 337 327 321 313 296 278 274 274 270 252 241 237 227 220
415 422 433 446 459 464 468 471 473 479 497 490 486 513 526 532 541 550 555 562 555 538 544 558 551 558 590 606 580 607 633 627 631 650 653 648 645 636 613 596 590 584 574 568 580 577 576 582 588 589 576 564 555 554 548 536 517 495 497 501 498 494 489 479 468 462 459 455 446 437 430 424 406 388 379 372 363 354 336 330 333 330 321 310 305 297 284 271 260 255 244 236 228 220 215
405 415 429 438 450 450 451 455 462 468 475 463 490 509 514 518 527 534 542 550 545 522 538 546 541 545 574 572 559 589 609 614 618 633 635 625 622 621 601 581 574 568 558 558 563 562 563 562 567 567 557 546 536 531 528 517 503 484 490 490 484 480 475 466 456 449 443 440 439 434 422 419 402 377 371 364 356 349 341 321 323 316 311 303 295 289 282 275 264 248 234 229 221 215 208
393 407 419 430 439 437 440 445 451 457 456 447 494 498 500 506 514 520 526 535 534 518 519 535 531 538 552 541 547 572 588 595 600 614 613 604 598 598 590 572 558 555 540 536 541 551 551 546 548 543 533 524 523 514 514 505 487 469 474 479 471 466 461 456 447 437 430 426 420 418 415 410 403 373 360 352 346 341 334 319 307 305 303 297 289 284 278 270 258 251 236 222 217 210 203
390 402 413 422 425 429 433 434 441 445 441 457 481 482 486 495 504 508 512 520 520 520 505 516 517 523 525 515 540 554 568 575 583 594 598 597 575 576 575 562 547 538 529 521 525 532 537 531 530 526 512 506 501 497 495 489 474 457 461 469 463 454 450 443 436 421 413 412 404 400 400 398 397 373 352 344 341 333 327 320 306 292 285 283 283 277 273 265 254 247 238 226 215 210 199
390 396 402 409 416 420 423 425 430 426 441 457 468 471 477 485 490 493 498 507 509 509 490 506 509 505 494 504 530 538 547 554 561 576 583 580 556 550 563 552 540 522 517 506 510 518 523 517 514 511 499 487 483 476 476 473 463 450 452 456 454 444 436 428 421 407 400 399 392 388 386 386 382 363 344 335 331 327 319 311 305 297 286 271 266 265 260 261 251 248 237 223 211 201 195
382 386 395 404 408 409 410 418 415 425 443 450 457 458 471 474 479 481 486 494 496 492 482 494 493 482 478 504 513 521 527 532 543 558 568 564 541 532 541 534 529 512 503 489 487 503 508 505 500 493 478 474 466 460 460 460 459 440 439 445 443 436 428 420 410 398 392 390 381 373 373 372 367 350 331 329 324 319 312 304 300 291 284 278 270 261 250 245 240 235 225 219 210 202 193
373 382 389 395 397 395 406 412 403 423 432 441 446 450 458 462 467 468 473 480 482 469 473 475 471 468 485 493 498 506 511 515 518 537 550 546 527 513 523 519 517 502 486 479 477 479 488 485 487 475 462 456 453 446 442 439 439 428 422 432 430 424 419 410 403 394 382 379 371 363 359 358 352 344 322 323 321 311 304 296 291 285 280 273 269 264 255 243 228 221 215 212 205 197 193
367 377 381 383 384 388 403 405 393 412 420 429 433 439 447 451 454 454 461 464 466 457 459 459 449 463 478 480 483 492 496 496 493 518 531 528 510 488 499 505 500 489 468 475 476 463 469 468 464 454 446 445 442 435 429 424 421 410 403 415 418 414 409 401 394 387 375 369 363 354 347 344 343 334 315 312 315 306 296 289 282 279 274 269 264 257 252 243 233 223 214 204 198 194 190
359 364 372 376 374 386 391 396 383 402 412 421 423 432 435 440 440 444 448 449 453 453 433 436 431 454 464 464 470 479 485 478 477 498 509 508 492 475 479 488 485 474 454 465 467 450 450 455 445 438 437 434 427 423 417 414 408 397 386 397 406 406 403 396 386 379 370 359 351 347 341 332 331 328 316 303 309 303 291 282 272 269 267 262 256 251 248 241 233 224 214 206 195 190 187
