previous_versions/octave/input/dem.asc
ncols         244
nrows         213
xllcorner     562275
yllcorner     1449255
cellsize      91.363586042674
NODATA_value  -9999
[rows 84 to 125 of 213, columns 0 to 94 of 244]
78 84 83 79 77 74 70 67 74 76 75 72 67 67 67 69 69 77 81 84 87 103 99 98 120 117 113 115 121 131 152 183 197 195 195 169 169 200 204 201 185 163 161 160 162 159 162 164 168 171 172 176 181 184 187 192 197 198 199 205 211 216 218 217 226 230 239 240 241 244 246 251 255 254 257 263 267 265 272 279 280 285 290 292 295 300 305 310 314 316 322 328 334 345 349
70 76 82 83 78 79 72 68 70 70 64 60 59 61 60 61 62 64 69 78 86 95 92 90 100 104 107 120 133 147 158 180 172 170 173 148 172 182 169 188 188 173 179 166 174 162 161 162 165 167 170 173 178 181 183 187 192 196 202 207 211 212 211 217 226 229 232 234 234 240 245 248 249 247 255 259 260 261 265 272 276 279 286 290 293 300 301 306 311 313 318 324 333 340 342
66 71 75 77 68 71 63 65 66 64 60 61 59 61 61 61 61 61 64 75 81 89 91 88 93 97 101 109 121 125 145 177 162 146 158 144 147 158 149 166 192 187 192 185 187 173 161 162 163 167 169 172 174 178 179 182 188 192 199 203 204 207 209 217 223 227 228 232 232 234 240 241 243 242 250 254 253 259 263 269 272 275 278 284 287 290 295 300 304 308 313 323 327 332 335
64 70 70 64 65 64 61 66 68 68 66 63 61 62 61 60 61 61 64 69 69 77 86 91 88 97 96 103 104 113 142 175 164 134 145 144 133 139 135 155 196 212 206 189 177 171 160 160 161 163 164 167 171 173 176 177 182 190 194 197 198 200 210 217 222 222 221 229 230 229 232 234 237 239 242 247 251 257 261 266 268 272 274 281 281 286 291 295 298 302 311 319 322 325 330
66 64 67 67 65 64 67 67 67 67 66 63 62 67 64 61 63 62 61 61 63 68 80 90 87 86 89 91 108 131 143 170 162 135 128 132 124 123 137 158 192 195 191 191 162 153 153 157 161 164 165 167 168 170 173 177 182 184 186 192 194 200 212 215 217 219 218 224 226 223 225 227 233 237 241 245 249 254 258 261 263 265 268 272 277 281 288 290 297 304 311 314 316 319 325
76 71 66 66 65 67 67 67 64 66 67 68 64 66 66 63 63 62 64 62 62 68 76 88 91 83 83 90 107 111 122 135 159 142 118 122 118 127 152 182 199 173 163 177 170 155 149 155 157 161 161 163 164 167 174 175 179 181 184 192 194 202 208 210 211 212 214 216 215 217 220 227 232 233 239 241 244 249 250 253 257 261 265 268 273 275 282 287 294 298 303 307 308 314 316
81 82 82 76 74 77 77 70 63 67 67 68 67 66 66 65 61 60 62 64 63 67 75 88 96 79 82 87 97 96 108 127 151 131 113 110 113 123 148 181 190 171 154 154 155 164 149 149 150 153 155 158 167 170 171 174 176 178 181 186 190 196 201 204 205 209 210 209 209 214 218 223 228 231 234 239 243 247 248 251 254 260 261 262 268 272 277 282 290 294 299 300 304 307 309
91 92 90 87 86 84 79 76 72 73 69 67 70 67 69 71 63 62 61 60 63 63 66 71 81 74 74 80 91 94 112 131 141 125 111 109 116 131 160 177 169 168 146 147 142 145 147 148 149 148 153 163 172 168 168 171 174 177 178 182 186 190 195 199 207 206 204 205 208 212 216 220 223 228 233 237 244 243 245 250 254 257 257 260 264 267 274 279 287 291 296 298 296 296 303
90 96 97 93 91 87 77 75 74 76 71 67 66 67 67 70 64 63 62 62 64 64 65 65 66 67 68 70 81 87 99 116 125 113 106 109 127 144 169 157 162 164 136 142 139 139 143 146 146 147 155 175 173 168 168 171 171 172 175 177 181 190 193 196 202 198 198 203 208 212 213 215 216 222 226 233 238 237 244 250 249 250 253 256 259 264 273 281 284 285 288 291 288 293 296
91 95 97 97 96 90 81 76 72 73 69 71 74 73 71 68 68 65 63 65 63 63 65 67 64 65 68 71 74 90 98 107 114 105 102 104 131 155 167 150 151 158 140 135 134 136 139 144 143 153 174 184 180 180 169 165 168 170 171 175 178 186 189 193 194 194 195 200 206 208 210 211 215 219 223 225 230 236 241 244 245 245 248 253 254 264 273 280 280 274 274 278 281 288 290
95 97 97 99 99 94 85 81 71 70 69 74 79 80 79 70 70 68 65 64 64 64 65 67 64 65 68 71 73 86 96 106 105 93 96 97 112 133 155 149 134 134 133 132 132 135 139 139 145 171 180 155 170 184 172 165 164 168 169 172 176 179 182 187 189 194 194 196 201 203 208 212 211 215 217 223 226 232 237 239 240 241 243 248 253 262 267 273 271 266 267 271 275 282 281
98 97 100 103 100 94 89 85 75 72 73 79 85 87 88 80 73 71 73 68 65 64 65 67 67 66 68 71 72 78 84 102 99 85 88 90 102 123 139 142 140 135 130 126 128 132 132 137 153 170 154 141 151 154 173 178 162 163 165 169 170 174 175 179 186 188 193 198 198 198 204 208 207 209 213 219 224 227 230 231 234 237 239 243 251 261 266 265 259 254 258 262 269 273 272
100 100 100 98 94 89 84 80 75 74 77 85 92 90 98 91 77 71 71 71 67 64 66 67 70 72 69 72 75 79 82 100 98 85 89 93 100 112 112 120 128 135 126 121 127 132 131 135 150 160 145 132 137 148 170 172 159 161 162 165 167 171 175 177 179 181 187 197 198 200 202 201 203 208 210 215 220 222 223 227 229 232 233 238 248 256 258 252 251 253 256 258 262 261 262
101 103 102 93 88 88 86 88 84 85 83 83 92 95 108 105 93 79 67 66 64 65 66 65 71 77 74 77 78 77 81 85 87 86 94 98 105 107 109 110 112 117 119 122 127 128 126 130 140 150 149 137 143 150 163 162 160 158 159 163 165 168 173 175 177 178 182 190 194 199 198 198 202 206 208 211 214 219 219 221 224 228 229 231 237 245 245 244 242 247 252 251 250 251 254
103 101 95 88 89 91 100 105 99 101 91 87 88 91 98 111 109 98 76 69 67 68 65 65 67 74 76 76 76 77 79 84 85 89 95 100 104 105 109 112 114 114 117 121 124 123 120 123 128 132 135 135 139 143 147 155 153 155 155 160 163 166 169 170 171 174 177 182 188 194 195 197 202 203 206 207 210 213 214 216 219 222 226 229 230 233 231 233 236 239 244 243 244 246 250
102 99 93 96 97 108 123 127 112 114 113 99 102 110 104 103 109 114 107 89 78 74 73 66 67 70 75 76 73 74 79 81 86 86 91 94 97 102 105 109 111 111 116 117 117 116 116 118 124 126 127 134 140 143 145 145 149 152 156 159 162 164 165 166 170 172 173 176 183 191 192 195 200 201 201 203 203 206 209 213 217 217 221 226 226 225 226 228 230 233 236 237 239 242 247
99 100 100 111 113 124 134 127 124 122 128 117 108 119 124 122 108 108 115 109 90 87 82 71 64 67 70 76 73 76 76 78 84 87 86 90 94 96 103 105 108 108 111 110 109 111 114 118 120 122 125 134 141 143 141 143 147 151 155 156 159 161 161 162 165 168 169 171 175 180 185 191 197 196 198 198 202 203 204 210 211 212 218 221 220 219 220 221 226 226 228 232 236 237 241
100 110 112 117 127 133 133 134 137 137 146 137 117 116 131 128 118 113 114 114 105 97 90 77 65 67 68 78 75 75 77 78 80 84 86 89 93 94 99 102 104 104 107 106 108 109 111 114 118 121 124 131 139 141 139 138 144 150 153 155 158 157 160 163 162 164 168 168 171 176 183 190 195 195 193 194 198 200 201 208 207 208 211 216 216 214 216 214 217 219 223 227 229 232 234
104 109 116 124 137 142 132 135 140 143 147 153 144 122 124 129 127 124 124 113 117 106 90 79 80 68 65 70 75 74 77 78 81 82 84 89 90 94 99 100 100 102 102 102 105 108 110 114 117 119 124 129 133 134 138 141 144 149 152 154 155 157 159 159 160 160 162 167 169 171 182 185 188 190 190 191 194 195 197 202 203 204 206 210 212 210 210 210 211 214 217 221 225 227 230
107 113 112 116 129 130 131 142 146 149 152 155 155 139 126 128 132 131 135 121 127 117 94 84 87 76 66 69 74 75 78 78 81 83 85 87 90 93 97 97 96 99 101 103 105 108 111 112 118 120 122 127 128 133 136 139 143 149 151 152 153 157 157 160 162 161 162 163 164 166 174 181 185 187 186 188 189 192 193 196 200 201 202 204 206 207 203 205 207 211 213 218 221 222 227
116 120 127 120 117 118 126 131 133 137 145 154 159 152 143 135 133 128 127 116 117 120 101 92 92 80 72 67 76 77 76 79 81 82 85 87 90 94 98 93 93 95 99 102 104 107 111 113 117 119 121 123 125 129 131 134 137 144 146 147 149 156 159 161 159 163 162 160 161 163 165 171 178 182 186 186 184 186 190 190 196 200 200 200 200 199 200 201 204 207 209 212 214 213 221
126 125 135 135 133 130 124 136 143 145 143 151 159 163 158 142 137 125 111 102 103 116 106 110 108 91 75 70 79 80 78 78 79 81 82 84 87 91 92 92 93 94 99 101 103 106 109 111 114 116 119 120 123 125 127 132 136 139 141 145 146 151 156 157 158 159 156 157 157 160 163 165 169 176 180 183 181 184 186 187 193 194 195 195 192 191 195 195 201 202 203 206 206 210 215
143 136 144 157 155 150 139 135 153 158 150 152 154 159 161 150 146 133 119 106 95 93 93 103 104 95 83 74 79 79 79 80 81 83 86 86 85 88 88 92 93 94 97 99 102 104 107 110 112 114 116 118 119 123 125 129 135 137 140 142 140 147 150 153 156 156 154 153 157 157 160 163 166 169 171 177 177 179 181 186 191 191 193 193 189 188 190 192 195 198 200 199 201 203 207
154 156 148 158 167 161 144 142 159 170 170 162 159 164 161 148 136 131 125 114 101 82 78 86 86 82 80 75 71 77 79 82 84 87 86 86 86 89 90 90 92 95 96 99 101 103 104 108 112 112 113 115 118 121 123 127 132 133 132 131 134 143 146 149 153 150 149 149 155 155 157 158 161 162 166 170 174 175 180 184 184 187 188 187 185 185 187 190 192 193 195 195 198 197 202
168 175 163 158 166 175 162 151 160 174 184 181 176 176 170 156 130 117 107 105 95 78 74 74 73 72 70 71 71 77 77 78 83 88 84 88 90 89 92 90 93 94 97 99 101 102 104 106 108 108 109 112 114 119 120 124 127 126 127 127 129 132 136 140 140 144 142 143 147 152 153 155 158 161 163 166 169 167 172 182 180 180 183 182 180 183 182 185 188 188 190 188 191 190 194
176 182 173 171 173 180 185 170 164 167 175 176 180 181 179 161 141 113 94 88 82 76 72 73 72 73 72 72 70 75 78 79 85 88 85 86 88 93 95 94 92 93 94 96 99 102 104 102 103 106 108 110 115 117 119 123 123 122 124 126 126 128 132 133 136 138 138 141 144 148 149 152 154 156 159 162 165 165 169 177 174 177 180 180 176 176 180 181 183 184 184 185 185 183 187
157 156 157 159 165 179 191 187 184 180 182 178 184 188 179 147 126 112 103 88 76 74 70 71 71 73 74 73 71 72 76 79 80 81 83 87 86 93 92 93 92 93 93 95 97 101 101 101 104 105 107 110 113 113 116 119 118 120 121 122 123 126 127 131 135 135 136 137 142 144 145 148 152 153 155 157 160 163 162 170 166 167 173 171 172 174 175 176 176 178 178 179 180 178 180
128 137 141 142 142 155 167 179 186 192 197 185 190 188 174 152 134 121 117 101 78 74 69 71 71 72 75 74 74 73 73 75 78 78 82 85 85 87 84 89 91 92 94 94 97 99 98 98 101 104 106 108 110 111 112 114 116 117 117 118 120 123 126 129 129 131 133 136 139 138 143 144 147 150 151 153 155 157 157 160 160 163 164 164 168 172 175 173 175 174 176 175 176 173 174
129 158 164 168 156 147 149 159 174 196 205 189 189 194 175 167 153 136 132 114 89 81 79 75 72 72 74 72 74 73 76 75 73 78 83 85 82 80 83 85 89 95 97 94 95 96 99 101 101 101 103 105 107 108 110 111 113 114 116 116 117 123 127 127 126 129 130 130 132 135 139 141 143 146 149 151 152 153 153 156 157 157 160 162 162 166 169 172 171 169 171 169 169 169 168
132 160 191 199 180 161 162 165 180 195 204 193 192 201 191 174 159 149 137 120 97 84 81 78 72 71 71 73 72 72 75 75 75 76 78 79 85 86 92 86 91 91 92 91 94 95 100 101 101 101 102 104 103 105 107 109 110 110 112 114 114 119 123 124 124 126 127 128 130 133 138 140 141 143 146 147 149 149 151 151 152 153 156 159 160 162 163 165 164 164 165 164 164 165 165
142 154 188 210 204 182 185 176 172 178 195 199 197 199 199 184 171 155 134 113 94 86 84 82 76 72 73 73 73 73 74 76 75 75 74 72 81 86 89 89 89 88 88 90 94 96 98 99 97 101 102 102 102 104 105 107 109 107 108 113 115 118 119 120 120 122 124 125 128 131 134 136 138 140 142 141 143 145 147 147 148 153 154 155 157 158 159 158 159 161 160 160 161 161 160
151 143 167 193 215 201 196 196 190 187 190 207 209 198 196 187 169 146 120 111 107 96 93 84 78 74 76 79 78 82 75 77 76 79 75 73 77 83 86 90 89 90 89 91 92 95 96 98 99 99 100 99 100 101 102 104 106 104 105 107 112 116 114 117 118 118 121 123 128 131 132 134 135 137 138 138 139 142 142 144 145 149 150 151 152 154 155 156 157 157 155 156 155 157 155
154 140 151 178 213 224 214 205 213 204 191 206 215 204 198 185 162 139 130 116 107 99 92 88 81 76 77 80 76 77 73 78 82 84 76 76 79 80 85 87 87 87 91 92 93 91 91 95 96 97 98 98 99 100 101 103 105 104 105 107 111 109 110 113 115 118 120 122 125 130 130 131 134 134 134 135 137 138 139 142 143 145 145 145 148 151 152 152 153 152 151 152 150 151 151
162 144 151 177 206 239 240 215 220 206 199 204 215 211 193 174 161 144 125 111 102 101 96 90 81 81 82 84 85 77 77 79 83 77 76 79 78 82 82 80 79 85 90 89 89 89 89 92 94 94 95 92 95 97 98 102 102 104 104 107 110 110 111 112 111 115 118 120 125 128 128 129 131 130 131 131 132 133 135 137 140 141 142 143 146 147 147 149 152 149 148 149 147 149 150
169 155 162 182 210 241 245 223 228 212 218 217 219 212 193 171 159 139 122 116 112 108 94 86 83 94 99 95 91 88 79 77 79 76 77 77 79 79 75 77 77 80 82 88 87 87 89 88 90 90 89 93 98 103 99 98 100 103 104 106 106 108 110 113 111 113 116 118 121 124 126 125 128 128 129 129 130 130 132 134 136 138 138 141 142 143 144 147 152 147 145 145 145 144 147
167 166 172 180 199 221 241 230 241 231 241 236 228 211 191 182 163 150 139 119 106 98 93 94 96 99 98 91 92 86 77 84 85 80 73 74 74 75 76 75 76 78 80 84 83 84 88 89 89 89 89 90 101 119 110 97 98 99 102 102 103 106 109 110 110 113 116 121 122 122 123 125 125 127 126 126 127 128 128 132 133 136 135 136 139 140 141 143 145 141 140 140 142 142 145
175 187 189 182 194 221 246 250 255 257 255 247 232 215 199 176 154 137 125 111 98 97 101 109 113 101 95 89 84 85 88 94 89 79 76 75 75 75 75 76 75 78 79 78 80 80 84 87 89 89 91 94 117 138 122 97 97 96 98 99 101 106 109 112 111 112 113 119 118 120 119 121 122 123 122 122 123 123 125 129 132 133 134 135 136 136 138 138 137 137 136 136 138 140 140
182 204 200 200 199 221 250 266 261 265 243 222 208 200 198 184 158 135 120 110 103 109 117 112 111 103 94 91 96 94 87 79 82 77 77 76 76 76 77 76 77 77 80 81 79 83 92 94 94 99 99 103 130 130 106 99 100 98 99 99 101 105 106 110 111 113 115 115 115 117 117 118 118 120 118 118 120 121 123 127 129 129 132 130 133 135 135 134 134 133 133 132 133 134 135
199 219 215 211 207 212 245 271 271 261 239 211 189 178 175 168 152 139 131 127 125 121 115 109 106 101 99 108 107 96 87 83 77 77 77 76 77 78 75 78 79 77 79 82 84 88 103 110 111 110 116 133 140 133 113 97 101 100 97 99 102 102 103 106 108 111 112 112 113 114 115 114 116 117 117 117 117 120 123 126 126 127 128 128 128 130 132 131 131 130 130 129 129 132 133
219 230 231 217 220 216 238 270 271 253 223 200 183 167 158 148 144 152 155 149 135 124 116 110 104 99 99 106 108 105 99 91 79 76 77 78 76 77 77 79 79 78 80 83 94 98 116 128 137 144 135 150 154 143 106 97 100 100 94 97 100 101 103 104 106 107 110 109 111 114 112 113 113 114 114 114 117 119 121 122 123 126 126 126 127 124 127 128 127 127 128 126 130 130 131
240 240 239 231 228 222 243 265 255 231 209 194 180 157 148 138 131 135 147 146 138 129 123 119 105 101 98 90 87 87 85 88 81 76 76 77 76 77 79 80 79 82 91 90 102 107 133 167 170 156 136 144 158 132 123 109 99 95 95 96 99 101 102 103 105 105 105 107 109 111 111 109 111 111 111 112 115 116 119 121 123 123 123 124 125 123 124 125 125 124 124 124 127 128 129
255 253 250 248 237 236 256 264 243 217 202 190 170 161 157 153 142 135 130 134 147 143 133 125 122 121 114 99 92 93 88 82 75 75 76 76 76 77 80 84 85 93 106 104 119 130 159 177 178 168 165 186 171 144 140 119 97 94 95 94 96 99 101 101 103 104 105 106 106 108 108 109 109 110 110 111 114 115 116 121 122 120 120 121 122 121 122 123 124 122 121 121 123 125 126
