previous_versions/octave/input/dem.asc
ncols         244
nrows         213
xllcorner     562275
yllcorner     1449255
cellsize      91.363586042674
NODATA_value  -9999
[rows 0 to 41 of 213, columns 95 to 189 of 244]
548 550 557 564 575 574 576 592 604 622 636 653 669 691 714 740 755 776 789 802 803 799 802 823 840 853 845 847 852 836 825 819 817 822 835 834 832 820 805 787 776 794 810 814 805 794 771 759 746 722 715 716 706 695 684 671 655 633 616 614 598 589 579 561 545 540 541 534 515 497 487 484 482 480 471 469 459 443 432 421 411 401 388 376 359 343 332 325 327 322 324 319 313 308 299
559 563 567 568 582 592 600 614 624 644 659 670 677 689 713 741 768 783 807 829 833 834 832 848 861 875 871 867 866 853 847 843 859 865 862 860 862 854 838 819 814 829 836 837 833 816 794 786 771 748 740 728 716 708 694 680 661 644 636 636 623 596 586 571 555 556 553 546 537 519 501 499 496 493 484 474 464 453 433 424 413 394 375 362 353 361 358 353 345 338 332 322 316 308 297
568 577 577 579 583 597 612 619 636 663 683 696 700 707 725 743 779 798 812 842 861 861 864 873 882 897 898 891 884 871 870 873 888 901 899 889 899 888 869 856 844 850 855 868 858 840 823 803 779 765 753 742 732 723 711 694 673 657 654 657 640 613 599 592 581 575 564 559 559 539 516 512 509 500 487 477 465 452 434 425 412 387 387 387 386 378 367 359 355 345 336 330 323 314 300
574 584 592 596 595 600 613 634 646 663 693 715 732 747 766 777 793 818 839 858 883 891 894 899 906 914 923 918 913 909 914 900 912 924 929 919 930 913 901 897 879 884 891 899 885 869 843 806 786 777 767 763 755 734 719 702 693 675 674 671 647 628 621 619 604 593 580 570 570 560 529 524 519 505 494 482 467 456 439 432 405 399 410 404 393 385 374 365 357 349 339 333 323 318 312
585 592 600 608 607 615 615 629 641 670 701 723 744 762 788 820 837 840 861 883 903 922 930 940 932 935 948 944 944 944 940 923 929 945 959 951 960 951 939 931 911 922 927 927 911 884 847 819 808 804 799 792 777 749 733 727 707 693 693 681 656 649 652 651 635 608 593 584 572 559 537 533 525 515 500 487 473 465 453 436 416 426 419 407 397 383 375 367 361 353 344 334 323 322 325
600 609 609 615 624 625 636 647 660 684 713 737 755 776 805 828 851 870 886 916 936 947 968 976 962 959 975 973 972 980 970 963 963 969 996 1010 1001 990 978 965 951 965 964 952 929 890 863 837 829 836 833 815 788 768 762 748 730 725 710 685 675 676 677 672 659 628 605 593 573 556 549 542 535 522 506 497 483 477 455 435 436 435 425 412 395 386 379 372 369 360 345 337 335 336 338
607 621 625 633 638 640 651 670 691 713 738 760 775 790 824 859 880 888 907 934 953 974 986 998 998 985 998 1006 1004 1011 1002 1004 999 1000 1035 1049 1040 1019 1016 1000 991 1011 997 982 953 914 886 865 866 868 851 829 814 804 789 768 761 743 715 701 705 701 687 663 646 633 617 603 583 564 562 559 548 529 517 506 494 486 467 448 450 443 433 418 406 398 389 381 371 362 355 355 352 347 345
619 628 635 645 652 657 662 677 700 734 764 793 813 832 847 872 900 923 927 943 967 988 1010 1022 1032 1022 1026 1046 1048 1044 1047 1049 1052 1048 1066 1085 1065 1040 1048 1037 1029 1045 1028 1005 971 941 919 898 899 886 872 857 869 861 826 805 787 771 748 732 728 710 690 663 655 639 628 613 590 574 574 570 559 544 528 512 506 487 454 466 456 442 430 420 409 400 389 384 374 369 372 370 365 353 344
622 629 634 647 665 672 676 683 701 730 753 788 826 852 874 893 919 944 971 981 990 1003 1021 1045 1067 1061 1056 1072 1084 1083 1085 1086 1099 1101 1102 1113 1096 1076 1077 1062 1076 1080 1064 1036 996 976 948 931 927 913 899 907 927 905 862 839 829 829 797 766 744 724 708 692 674 650 633 611 595 590 586 581 568 550 535 522 511 490 483 471 453 438 428 424 411 402 397 399 395 386 382 373 366 356 342
629 637 654 665 666 677 697 709 719 740 759 788 819 853 885 920 950 975 1004 1023 1027 1035 1042 1056 1083 1102 1097 1104 1117 1124 1121 1118 1135 1142 1140 1135 1129 1114 1103 1099 1120 1107 1094 1068 1035 1011 972 964 964 947 940 957 970 935 886 871 879 862 825 794 769 747 725 718 694 657 639 626 615 609 602 591 572 557 543 533 516 509 500 464 455 447 439 431 420 415 415 409 404 394 387 377 366 356 345
643 649 669 691 686 690 707 739 750 763 790 807 829 855 884 922 968 1004 1028 1050 1059 1070 1069 1075 1089 1123 1143 1149 1154 1166 1155 1152 1178 1177 1171 1164 1167 1154 1138 1145 1150 1133 1122 1097 1074 1044 1005 1008 995 982 975 994 999 954 911 903 910 888 851 822 800 766 749 737 705 670 652 638 629 623 616 596 576 567 552 533 528 523 500 484 468 458 448 433 430 426 424 416 407 399 388 378 371 361 354
652 667 676 700 705 709 728 744 773 793 820 846 861 876 898 922 963 1008 1045 1075 1085 1097 1106 1115 1124 1150 1168 1179 1183 1191 1196 1195 1207 1214 1209 1197 1197 1186 1174 1181 1169 1164 1153 1136 1119 1067 1049 1051 1042 1029 1013 1024 1020 977 941 927 920 899 874 845 824 799 774 746 710 687 664 652 644 642 628 604 588 573 555 535 536 535 519 505 480 467 455 449 444 438 431 417 408 397 391 382 376 366 362
672 685 683 704 729 731 737 756 779 811 837 869 896 914 932 955 985 1011 1043 1079 1111 1126 1147 1158 1161 1174 1194 1206 1220 1223 1233 1239 1252 1259 1259 1242 1243 1227 1211 1213 1201 1203 1191 1177 1146 1107 1098 1096 1090 1071 1052 1053 1032 986 954 947 929 909 889 864 843 819 788 753 726 696 686 671 659 649 625 607 593 576 562 545 544 539 530 519 488 473 461 460 455 447 437 425 414 406 397 386 381 377 368
670 692 699 714 739 754 760 767 784 810 844 879 908 937 965 1000 1027 1055 1071 1085 1119 1158 1184 1198 1196 1196 1220 1242 1255 1265 1272 1284 1296 1301 1304 1289 1292 1272 1248 1248 1244 1246 1235 1220 1187 1161 1151 1145 1126 1103 1090 1072 1035 1005 986 980 956 925 902 879 851 825 798 759 725 722 712 687 668 653 628 617 603 584 569 558 557 549 538 521 496 479 472 465 458 451 442 431 424 414 408 399 389 380 375
632 691 718 725 743 761 778 793 801 826 862 894 921 953 988 1026 1061 1101 1119 1128 1143 1172 1211 1228 1239 1241 1239 1261 1288 1297 1305 1324 1341 1351 1355 1342 1342 1314 1293 1298 1299 1293 1281 1269 1233 1218 1199 1181 1151 1132 1119 1093 1059 1035 1023 1007 968 933 923 903 851 814 785 757 752 735 718 700 688 670 648 627 599 580 576 575 565 554 538 522 507 487 482 473 468 459 446 437 428 420 415 404 395 382 374
635 654 710 735 746 758 776 799 817 841 865 890 924 955 993 1039 1073 1105 1136 1164 1187 1208 1236 1255 1269 1291 1296 1299 1320 1338 1341 1358 1378 1390 1398 1388 1380 1345 1331 1348 1342 1329 1313 1303 1274 1259 1236 1212 1183 1160 1144 1113 1082 1073 1059 1022 977 957 944 907 870 838 803 782 762 744 728 714 700 673 644 620 610 598 595 581 570 557 540 524 510 500 493 482 473 467 453 441 434 424 411 402 398 387 377
693 680 675 717 748 760 776 796 817 834 854 872 908 945 980 1021 1059 1101 1139 1175 1209 1244 1263 1282 1302 1320 1331 1344 1356 1374 1384 1394 1409 1429 1440 1430 1414 1388 1384 1395 1395 1372 1352 1340 1316 1285 1267 1244 1217 1193 1166 1136 1123 1110 1070 1031 1007 988 957 918 896 862 828 795 779 760 746 733 706 665 644 631 621 617 607 593 584 573 545 528 515 513 499 490 481 471 462 451 438 427 413 401 392 379 371
698 716 715 703 712 730 761 792 811 822 840 879 934 954 985 1032 1069 1094 1126 1172 1209 1247 1282 1308 1337 1359 1368 1378 1394 1402 1425 1436 1446 1467 1485 1478 1459 1432 1438 1451 1444 1417 1397 1381 1351 1319 1303 1276 1254 1244 1206 1186 1173 1136 1087 1059 1035 1007 973 940 903 871 839 819 797 777 758 738 696 672 656 641 642 634 621 607 592 576 559 546 535 520 506 495 483 474 466 455 441 429 417 402 389 379 373
691 714 737 753 749 751 790 824 837 846 859 876 920 981 1024 1061 1097 1129 1136 1160 1204 1243 1280 1328 1372 1399 1417 1421 1434 1439 1460 1482 1490 1502 1522 1525 1501 1479 1490 1503 1485 1464 1443 1424 1394 1363 1338 1314 1303 1295 1255 1231 1194 1144 1112 1080 1046 1012 986 947 910 881 859 832 807 778 755 733 720 705 684 674 664 645 629 610 595 581 570 558 549 536 513 501 492 483 472 456 438 431 416 403 393 382 378
680 695 714 735 752 775 792 811 831 847 871 900 919 952 1003 1055 1110 1160 1193 1205 1207 1258 1279 1319 1374 1425 1462 1468 1468 1482 1496 1518 1532 1542 1558 1563 1543 1530 1543 1553 1527 1511 1492 1464 1431 1405 1381 1370 1360 1321 1292 1255 1205 1166 1141 1107 1063 1028 1003 973 933 902 872 852 830 812 783 755 742 726 713 699 684 664 650 641 622 601 579 565 553 539 521 510 498 486 472 457 445 431 417 405 396 386 382
661 679 703 727 738 757 782 815 831 851 873 890 909 935 987 1040 1094 1143 1204 1258 1258 1277 1308 1346 1382 1434 1491 1518 1515 1522 1536 1557 1575 1587 1600 1607 1598 1590 1595 1597 1566 1561 1538 1497 1474 1453 1435 1423 1399 1362 1321 1271 1229 1195 1163 1122 1088 1059 1027 988 948 918 888 864 843 827 798 771 763 755 740 728 714 693 670 659 644 630 612 587 560 547 526 514 500 485 471 456 445 437 419 408 394 386 379
663 679 697 716 728 755 787 831 861 857 854 877 908 934 963 1011 1079 1154 1198 1242 1294 1306 1331 1378 1418 1468 1519 1562 1568 1569 1589 1599 1621 1634 1644 1653 1653 1640 1640 1639 1614 1600 1567 1546 1531 1505 1490 1462 1434 1384 1335 1290 1253 1220 1183 1152 1124 1084 1040 993 967 933 904 885 865 835 820 804 790 768 746 727 712 695 672 654 636 623 619 605 576 554 525 512 500 488 472 459 449 437 421 408 396 385 373
654 671 688 711 734 767 815 868 923 963 921 884 884 920 971 1005 1048 1136 1229 1274 1301 1338 1353 1400 1451 1499 1552 1602 1612 1616 1642 1651 1664 1678 1691 1702 1700 1690 1690 1688 1667 1644 1614 1590 1578 1564 1537 1505 1460 1403 1365 1325 1288 1245 1216 1185 1144 1102 1065 1032 1005 968 934 904 886 865 844 820 802 775 752 735 716 693 671 651 636 622 611 600 587 565 555 506 492 480 465 454 444 432 417 405 395 387 376
655 662 672 710 767 797 846 882 927 984 996 971 940 939 974 1017 1054 1130 1249 1303 1340 1360 1401 1428 1473 1528 1578 1637 1662 1662 1680 1704 1717 1733 1742 1754 1747 1746 1747 1742 1715 1692 1664 1638 1630 1609 1576 1535 1491 1450 1396 1354 1318 1286 1249 1201 1162 1129 1097 1065 1030 992 962 933 905 883 856 827 802 787 772 751 730 702 676 654 641 625 610 593 578 564 555 518 503 486 473 455 437 428 420 408 399 390 378
643 657 676 702 763 808 847 880 915 971 1026 1061 1054 1044 1048 1066 1103 1149 1218 1299 1362 1405 1443 1486 1512 1553 1605 1668 1708 1705 1716 1753 1769 1790 1802 1808 1803 1801 1801 1793 1770 1745 1716 1697 1684 1660 1614 1569 1526 1485 1436 1393 1351 1311 1268 1232 1186 1160 1126 1095 1057 1020 989 953 923 895 866 840 822 802 775 753 733 716 697 676 657 628 607 593 580 564 551 530 521 509 489 471 445 431 426 414 404 392 378
642 673 713 727 750 799 846 891 957 1003 1045 1085 1111 1124 1137 1155 1187 1208 1239 1297 1366 1420 1479 1530 1566 1596 1639 1691 1739 1749 1759 1795 1824 1841 1860 1863 1860 1863 1862 1842 1821 1795 1774 1754 1732 1700 1654 1611 1564 1517 1471 1419 1376 1323 1278 1237 1216 1185 1151 1119 1081 1047 1018 983 948 920 890 866 840 805 779 751 728 711 693 677 660 631 606 586 574 565 551 523 511 500 481 466 449 442 429 416 411 403 385
666 697 742 781 797 826 876 927 985 1024 1050 1080 1114 1137 1164 1196 1232 1262 1288 1321 1376 1435 1495 1550 1603 1648 1689 1732 1776 1794 1807 1838 1877 1897 1915 1921 1923 1924 1919 1899 1875 1848 1831 1810 1776 1736 1685 1642 1593 1537 1479 1427 1378 1335 1310 1278 1240 1207 1169 1135 1100 1070 1036 996 959 929 902 871 844 819 788 755 728 709 693 670 647 624 608 587 569 556 544 531 500 486 478 465 454 443 433 421 411 400 387
663 710 734 794 831 857 901 949 991 1032 1074 1109 1136 1174 1209 1235 1265 1298 1338 1362 1387 1445 1506 1566 1624 1677 1731 1781 1813 1840 1856 1884 1920 1952 1975 1982 1986 1985 1977 1958 1933 1911 1886 1857 1819 1770 1713 1664 1603 1552 1493 1454 1411 1374 1337 1295 1252 1219 1182 1145 1106 1074 1034 1000 964 927 896 866 841 811 783 760 739 713 694 666 638 616 600 588 576 561 541 526 498 489 476 464 450 439 432 422 409 396 387
693 727 745 777 830 872 908 956 994 1034 1077 1125 1156 1185 1222 1266 1308 1345 1374 1415 1445 1476 1513 1565 1624 1687 1744 1800 1855 1886 1908 1940 1970 2005 2030 2043 2049 2049 2040 2018 1995 1972 1941 1896 1832 1777 1728 1675 1624 1572 1530 1485 1436 1386 1347 1295 1255 1219 1183 1148 1117 1070 1026 992 958 924 892 861 832 804 780 750 726 702 678 660 634 614 594 581 573 565 552 535 497 482 471 461 452 438 425 414 401 386 380
720 768 788 803 835 880 921 962 995 1031 1067 1104 1125 1158 1202 1249 1293 1340 1390 1430 1475 1522 1548 1576 1631 1701 1750 1796 1858 1919 1966 1994 2017 2055 2087 2104 2112 2108 2098 2076 2055 2026 1978 1927 1865 1801 1752 1712 1648 1602 1559 1508 1454 1400 1354 1303 1260 1216 1171 1134 1106 1067 1025 995 958 923 896 868 831 799 774 750 718 691 667 642 622 610 593 575 566 562 551 540 507 481 466 459 449 437 420 408 401 388 379
718 786 809 832 862 891 930 967 1005 1036 1065 1103 1138 1174 1215 1252 1294 1329 1373 1427 1487 1535 1584 1625 1652 1710 1772 1828 1875 1933 1998 2045 2074 2106 2143 2167 2176 2175 2159 2137 2113 2065 2006 1951 1892 1840 1787 1740 1681 1618 1569 1504 1453 1404 1356 1314 1272 1225 1181 1139 1103 1060 1024 991 966 934 901 867 829 798 769 743 715 687 665 642 619 605 590 574 562 559 545 536 522 491 466 451 444 434 424 415 406 397 390
704 746 812 836 865 900 931 962 990 1017 1047 1093 1142 1184 1224 1262 1295 1345 1387 1429 1477 1526 1582 1636 1700 1746 1791 1850 1904 1964 2014 2075 2118 2162 2193 2233 2245 2242 2228 2200 2155 2102 2041 1990 1929 1877 1828 1754 1710 1642 1572 1512 1470 1419 1377 1334 1296 1240 1188 1142 1100 1057 1018 990 960 928 892 855 820 793 767 739 713 684 656 635 611 588 563 540 541 534 528 524 518 483 459 439 434 433 422 411 401 394 387
698 736 790 833 866 904 944 971 995 1023 1051 1095 1139 1186 1226 1274 1319 1362 1404 1445 1488 1531 1584 1649 1712 1773 1827 1886 1927 1972 2032 2093 2155 2205 2254 2296 2316 2315 2289 2252 2194 2134 2066 2017 1958 1889 1843 1766 1710 1661 1588 1531 1483 1430 1386 1342 1305 1260 1203 1156 1114 1056 1011 984 959 925 884 854 818 790 760 734 706 676 648 620 584 568 560 558 548 531 513 489 489 452 436 427 414 412 409 401 396 391 380
709 741 795 810 837 870 908 944 977 1013 1058 1105 1139 1182 1226 1275 1325 1365 1400 1446 1495 1548 1599 1655 1710 1768 1836 1902 1963 2012 2066 2117 2177 2240 2312 2361 2389 2382 2343 2279 2223 2154 2075 2040 1966 1907 1844 1783 1716 1663 1599 1536 1482 1428 1375 1328 1291 1253 1215 1168 1120 1072 1026 1002 964 924 886 850 817 787 748 722 697 677 653 628 612 596 583 574 561 541 524 505 490 463 457 449 439 417 399 387 381 386 380
711 738 800 826 848 867 888 903 939 988 1035 1069 1113 1153 1192 1252 1304 1343 1385 1432 1486 1537 1589 1645 1704 1756 1815 1879 1935 1997 2059 2120 2196 2268 2338 2399 2445 2414 2363 2301 2245 2169 2074 2032 1972 1897 1844 1778 1716 1660 1594 1527 1466 1406 1359 1307 1272 1242 1194 1151 1116 1087 1042 1000 957 923 888 853 823 793 766 742 715 684 658 627 611 593 577 568 558 543 527 510 499 487 463 451 442 433 416 398 373 373 373
701 721 785 811 835 860 875 885 920 977 1013 1041 1076 1125 1181 1227 1280 1327 1380 1435 1492 1547 1599 1656 1718 1776 1843 1891 1947 2005 2081 2141 2203 2267 2336 2379 2406 2395 2351 2298 2237 2149 2056 2005 1946 1886 1820 1765 1698 1638 1590 1538 1470 1415 1376 1334 1288 1236 1191 1153 1112 1078 1041 997 953 935 913 883 847 816 779 748 712 679 655 634 615 595 574 563 554 540 527 513 500 485 461 447 438 429 417 401 385 365 353
699 720 757 819 837 862 886 907 940 957 990 1051 1112 1164 1203 1233 1283 1338 1388 1446 1510 1565 1617 1671 1722 1777 1832 1884 1952 2010 2069 2120 2175 2236 2307 2353 2364 2327 2296 2258 2206 2130 2037 1986 1938 1872 1818 1767 1716 1660 1601 1548 1496 1445 1404 1356 1307 1253 1213 1165 1120 1083 1047 1011 987 955 914 877 836 807 771 739 710 673 652 632 612 593 574 559 544 528 519 512 499 486 458 446 432 422 411 404 392 380 368
678 697 747 807 830 869 903 933 970 1009 1048 1083 1122 1165 1211 1248 1291 1344 1395 1444 1495 1546 1593 1641 1695 1744 1805 1862 1917 1979 2033 2085 2148 2201 2260 2299 2320 2245 2222 2192 2164 2131 2076 2023 1981 1925 1872 1809 1766 1674 1636 1577 1528 1484 1434 1389 1328 1283 1236 1186 1139 1093 1056 1023 975 928 891 848 811 778 758 733 699 667 648 630 609 586 570 552 539 522 507 503 494 479 453 441 423 413 403 398 388 380 372
680 703 735 799 836 867 906 943 973 1006 1040 1071 1115 1157 1188 1238 1288 1334 1377 1426 1477 1528 1582 1630 1682 1727 1785 1837 1886 1934 1984 2052 2112 2157 2200 2244 2253 2203 2156 2114 2097 2075 2047 2001 1956 1908 1858 1810 1760 1704 1651 1595 1532 1495 1444 1395 1348 1302 1250 1193 1150 1097 1048 1002 961 927 896 861 819 787 755 723 699 673 646 626 609 587 568 552 535 518 501 488 482 474 460 435 423 408 397 390 382 372 366
680 703 735 813 850 877 911 931 953 981 1015 1060 1105 1150 1195 1247 1286 1334 1372 1417 1468 1523 1565 1611 1653 1702 1751 1800 1845 1897 1960 2016 2066 2107 2146 2172 2184 2157 2106 2043 2018 2005 1987 1965 1915 1861 1817 1778 1729 1688 1634 1584 1532 1480 1421 1374 1325 1277 1229 1184 1139 1091 1046 1011 972 935 905 871 831 804 774 736 707 679 656 636 611 589 568 548 530 513 499 479 471 465 455 431 420 408 395 386 376 369 360
708 725 754 781 850 877 890 911 940 983 1027 1066 1108 1151 1191 1233 1280 1317 1358 1394 1447 1498 1541 1588 1626 1665 1708 1764 1818 1872 1926 1972 2019 2060 2094 2106 2114 2092 2059 2001 1960 1944 1940 1920 1873 1826 1776 1729 1683 1644 1599 1557 1514 1462 1415 1372 1321 1274 1220 1166 1121 1078 1033 998 958 921 888 859 827 801 779 750 727 693 670 654 629 604 569 548 527 514 495 476 465 455 449 434 417 405 395 388 378 366 356
702 721 751 779 838 867 890 911 940 984 1015 1048 1090 1131 1174 1224 1271 1305 1339 1377 1414 1460 1499 1538 1584 1636 1685 1739 1790 1840 1886 1934 1973 2003 2032 2040 2050 2018 2008 1965 1914 1891 1885 1857 1833 1789 1745 1697 1643 1597 1559 1519 1473 1420 1384 1352 1310 1268 1218 1174 1134 1080 1028 980 939 904 871 834 812 795 775 747 721 697 678 658 635 603 571 551 534 520 506 487 474 454 441 429 418 402 391 384 380 367 351
