previous_versions/octave/input/dem.asc
ncols         244
nrows         213
xllcorner     562275
yllcorner     1449255
cellsize      91.363586042674
NODATA_value  -9999
[rows 168 to 209 of 213, columns 0 to 94 of 244]
326 302 268 296 303 275 258 244 239 233 228 223 219 225 221 218 223 212 201 194 191 178 167 159 154 150 148 146 142 144 147 147 147 149 153 151 152 153 165 176 155 142 141 141 142 145 147 148 150 149 147 146 145 149 156 156 162 168 177 183 185 204 211 209 207 211 218 218 194 182 179 175 169 157 150 148 150 147 143 152 147 148 152 153 160 157 144 131 120 118 115 110 110 110 106
317 312 269 255 266 264 262 250 242 233 234 237 229 234 225 225 232 206 191 191 189 183 176 170 161 154 153 147 147 146 147 145 149 148 147 148 148 149 154 160 152 143 141 142 139 142 147 151 150 146 145 154 155 155 160 172 173 183 196 202 207 213 214 212 219 223 215 205 201 186 179 175 176 162 156 151 147 146 150 149 148 150 156 158 164 157 137 124 115 114 113 111 112 111 104
311 325 293 259 248 243 250 245 247 229 225 222 222 229 212 218 227 212 198 175 178 184 178 188 175 171 169 154 147 145 146 143 144 146 145 147 146 148 157 166 159 147 142 140 141 143 146 147 147 146 147 154 156 159 164 176 189 199 209 222 214 203 202 213 218 208 199 190 191 180 172 176 172 160 153 151 148 145 145 143 151 158 164 167 165 153 137 121 110 110 106 106 109 112 107
307 297 270 261 262 252 239 235 252 232 214 211 213 229 210 214 216 201 191 175 171 184 172 189 194 195 189 157 144 142 146 146 145 146 145 142 144 149 152 166 173 155 140 141 141 148 150 150 148 148 150 152 159 173 176 179 192 198 196 216 215 206 202 213 203 202 190 177 175 171 187 196 170 156 148 148 150 147 143 145 152 169 174 170 161 149 134 119 113 111 104 107 106 110 108
283 268 250 245 260 270 270 229 219 220 226 237 234 232 208 201 203 192 179 163 163 169 172 203 201 173 161 147 142 145 145 147 145 143 144 142 143 144 144 149 158 156 143 144 146 146 151 155 152 153 154 159 163 178 190 195 208 202 179 190 201 199 200 211 197 186 174 163 165 179 206 205 169 153 144 144 146 147 143 147 155 162 177 168 154 133 124 117 113 107 106 103 102 105 106
271 269 256 256 267 260 267 253 226 210 217 219 229 215 194 202 201 188 171 157 161 165 180 190 173 157 143 139 140 142 141 143 140 139 144 142 144 143 142 146 148 146 141 142 151 153 152 156 152 155 160 162 166 178 201 194 202 214 178 171 179 191 206 200 188 167 159 172 188 201 207 206 193 167 145 140 140 140 145 155 168 173 177 171 159 138 120 117 114 107 101 102 101 96 101
271 275 258 265 262 252 252 258 235 206 198 199 214 204 182 195 199 190 172 157 155 158 161 163 150 143 143 140 139 139 140 143 140 138 141 143 145 141 141 144 143 145 146 142 152 160 159 158 159 166 171 171 180 193 193 183 185 194 178 189 199 192 207 191 166 158 166 185 209 200 198 199 197 163 146 138 137 144 154 167 183 182 168 160 156 140 122 111 109 106 101 100 103 99 97
258 250 244 239 235 241 251 246 224 209 196 197 212 204 182 183 186 187 175 160 147 151 151 147 144 144 145 142 141 142 142 143 141 142 144 146 147 144 147 145 145 146 146 144 149 157 165 168 167 172 180 180 189 199 188 173 171 168 172 201 191 180 200 194 159 165 181 193 218 215 204 196 182 168 150 142 136 143 154 161 166 165 157 150 150 137 123 116 110 109 107 101 98 97 100
253 253 262 253 230 220 237 231 210 204 202 195 203 202 183 177 179 183 181 166 155 158 158 156 144 144 145 144 144 143 143 144 144 147 148 147 146 145 144 141 143 143 149 149 147 150 153 159 163 162 169 171 173 178 183 196 212 197 177 182 176 185 202 195 158 162 189 195 208 192 178 193 174 163 153 140 136 143 148 160 151 144 142 149 153 141 126 118 113 110 108 105 103 106 105
266 256 248 245 241 218 224 225 212 225 229 206 191 191 186 176 174 176 176 172 171 163 155 154 148 141 142 145 146 144 146 144 145 145 150 147 148 146 145 141 146 149 147 153 153 155 158 164 166 162 164 168 187 191 188 198 217 187 159 172 202 213 188 164 159 183 209 206 199 187 181 194 167 159 152 134 137 140 141 142 141 143 156 167 162 148 133 116 112 105 101 100 101 104 101
270 234 220 217 228 221 212 218 221 224 219 210 192 176 183 174 170 172 168 169 173 166 153 146 146 141 141 143 144 144 146 144 142 144 149 148 148 144 142 142 148 155 155 155 158 161 163 168 176 177 180 180 199 213 213 212 213 172 171 208 221 205 172 154 184 225 229 207 186 177 160 167 149 139 138 137 136 141 144 147 153 158 164 171 161 145 133 118 110 106 101 98 98 95 93
262 229 230 218 214 209 212 223 228 228 213 200 190 174 178 173 168 169 170 169 168 169 158 150 145 140 138 141 143 144 146 152 148 147 149 150 151 145 140 142 146 152 152 150 161 167 169 177 187 191 199 201 198 200 212 226 202 165 160 183 209 186 157 183 212 221 207 210 174 152 145 148 136 133 140 141 140 142 150 161 167 178 180 164 141 126 122 116 106 101 101 99 101 100 94
235 221 231 225 208 213 227 229 224 217 210 195 182 175 171 174 175 171 170 165 160 162 164 156 148 143 135 142 144 144 146 148 147 145 146 144 143 140 144 148 148 148 148 153 160 165 175 187 202 206 212 217 210 199 191 212 215 201 179 167 198 191 153 188 202 193 174 173 154 142 143 141 136 139 142 147 149 149 145 156 166 166 167 153 134 119 119 117 111 104 105 103 103 99 92
207 206 225 226 209 227 228 219 218 206 194 188 179 172 167 169 168 164 168 168 161 155 163 162 159 150 141 138 140 143 140 144 144 141 140 140 141 140 143 144 150 153 155 155 165 171 182 192 196 198 195 208 225 223 201 212 214 215 207 163 158 172 148 160 181 163 149 145 147 145 135 136 138 144 148 155 161 164 155 151 152 154 165 164 147 134 128 119 116 107 102 100 103 101 94
207 207 232 214 205 216 212 202 207 198 185 177 174 170 167 169 166 161 157 160 161 153 157 156 155 152 148 141 141 145 143 142 139 137 140 140 139 139 142 145 152 160 169 171 165 176 193 191 186 192 183 181 195 208 210 223 191 181 215 197 153 152 142 154 170 144 136 137 139 137 133 135 141 144 144 162 174 179 175 163 163 162 168 169 163 157 143 132 121 107 105 98 94 93 92
198 216 227 205 198 203 198 199 195 191 179 167 163 165 166 169 172 163 156 151 150 150 155 158 145 140 144 138 138 143 143 138 138 140 142 144 142 147 142 143 153 162 173 181 186 171 177 177 188 179 167 186 198 205 205 204 179 158 180 192 157 140 144 170 158 138 141 149 142 138 137 141 146 152 151 175 181 177 182 175 175 172 170 165 159 149 146 131 113 103 101 101 97 93 94
191 211 216 202 189 190 188 191 180 177 171 166 159 162 171 171 163 156 159 151 145 146 152 152 137 136 138 134 137 141 140 137 137 143 147 147 146 149 143 144 152 160 163 171 177 161 166 173 180 176 166 184 226 218 183 178 179 155 157 184 165 145 150 165 145 139 153 157 157 153 151 152 157 166 163 182 182 169 177 174 166 169 182 182 172 152 142 132 122 111 107 100 100 100 97
200 193 202 189 184 182 182 178 173 165 171 165 163 171 170 169 162 153 147 147 143 147 154 143 135 134 136 134 137 137 135 136 139 145 142 140 147 149 143 148 151 153 159 174 172 160 183 180 173 180 166 184 217 191 163 176 172 153 160 177 164 152 141 144 137 146 146 142 146 149 161 172 178 178 171 183 188 165 163 163 162 171 173 176 183 173 152 135 129 119 106 99 96 96 96
211 187 188 184 176 176 179 173 167 163 171 166 161 166 165 161 157 155 145 142 140 140 143 138 138 141 133 132 138 137 138 140 140 142 141 141 145 147 143 147 145 155 167 179 169 160 171 173 176 188 167 191 209 177 164 158 165 150 165 161 156 160 140 135 133 139 139 159 161 145 147 167 182 174 174 180 179 163 159 162 163 166 170 162 158 164 145 131 128 121 108 103 98 92 90
208 191 185 187 175 166 172 168 163 163 169 164 155 154 163 164 147 143 143 138 134 137 135 135 144 153 147 141 135 137 140 142 140 143 145 145 143 140 139 142 148 148 166 180 163 154 168 163 173 181 160 192 203 168 153 144 143 141 150 147 162 164 140 149 159 153 160 165 171 153 167 179 171 169 173 165 164 154 157 169 171 162 162 156 145 156 136 121 132 126 110 106 101 97 92
188 179 178 190 181 169 164 166 160 163 161 155 148 149 155 152 147 138 135 130 132 149 145 141 144 151 153 153 150 136 133 139 142 144 147 141 135 135 140 155 166 156 170 182 165 154 152 157 187 183 158 190 200 163 153 161 160 155 142 147 158 144 142 160 183 174 168 173 174 158 170 163 154 156 163 154 148 141 151 160 164 147 148 143 140 161 141 119 140 135 113 101 101 103 98
173 166 169 177 179 170 158 157 154 155 157 150 158 160 152 142 138 131 125 130 144 156 161 156 156 155 149 149 155 146 140 140 145 147 148 135 131 139 145 149 159 165 176 180 165 154 167 169 187 173 143 165 195 166 156 163 156 156 142 145 145 137 161 182 185 176 180 165 163 147 140 137 135 142 144 136 136 138 132 157 138 141 162 137 135 145 128 113 136 133 99 96 96 98 96
175 162 161 164 166 167 164 154 149 149 153 146 150 158 146 135 135 139 139 145 155 155 154 153 153 152 147 144 149 149 141 141 141 137 137 132 137 147 156 154 163 173 172 176 157 150 174 175 179 192 155 142 176 168 142 151 161 143 136 144 141 137 151 173 178 151 155 147 142 131 134 151 141 153 146 129 135 135 125 147 123 148 159 119 127 130 108 114 117 105 91 90 93 96 94
163 160 152 157 160 159 161 164 157 147 143 140 134 139 132 130 135 139 145 146 149 146 150 148 151 148 141 144 146 152 143 139 137 127 127 131 137 147 149 153 160 163 156 160 153 147 166 163 164 184 154 139 157 162 140 142 159 148 133 135 136 147 167 172 164 140 134 140 143 132 134 165 151 156 163 134 120 114 130 134 113 145 154 113 120 112 103 118 100 92 89 88 93 94 91
161 165 157 163 166 161 155 155 150 147 149 145 132 124 132 141 148 144 141 147 148 140 144 147 151 145 139 139 143 147 144 134 134 126 129 136 139 135 145 153 160 161 148 149 146 153 167 162 152 157 142 137 144 165 144 133 138 133 131 146 153 149 142 134 131 124 140 155 162 156 136 151 149 141 166 153 137 119 120 112 114 151 165 122 104 101 108 103 90 91 89 90 92 92 89
161 161 156 158 162 163 156 150 151 153 148 138 128 126 139 141 150 144 137 147 146 134 139 145 151 146 135 136 143 139 137 131 133 127 127 133 130 133 145 149 147 151 145 142 152 165 164 167 148 140 135 134 138 148 137 139 151 137 130 147 152 136 127 132 133 140 142 134 137 148 137 127 128 130 157 171 165 142 117 103 119 146 146 117 100 113 102 93 90 92 106 107 94 90 88
156 155 153 152 156 159 155 150 153 151 145 142 127 127 134 138 146 140 137 145 143 136 138 140 141 144 133 134 139 140 129 126 132 130 122 125 125 137 140 139 142 141 141 152 159 166 154 163 154 136 142 139 132 137 139 153 150 150 132 138 140 131 133 147 158 158 154 128 120 131 126 124 114 120 136 140 148 153 150 119 106 129 135 108 96 104 92 91 90 90 105 120 107 97 89
157 153 153 152 150 152 150 141 141 144 141 140 131 119 126 137 138 137 134 137 136 133 138 136 129 131 134 128 133 139 131 131 136 134 123 121 125 132 141 146 136 140 148 154 155 162 152 142 139 137 151 140 141 136 141 155 137 135 133 134 140 139 141 148 159 151 150 149 140 151 140 152 124 115 145 128 117 119 127 125 106 117 118 99 90 90 89 93 104 97 100 109 112 117 99
157 154 153 154 150 143 149 149 138 135 140 134 126 116 124 133 132 131 128 131 129 130 137 139 128 126 135 130 131 135 125 125 130 133 123 121 125 130 138 146 139 141 145 148 153 146 143 141 144 154 162 142 143 135 131 138 136 131 134 133 129 129 132 130 135 128 139 151 143 154 145 155 149 120 137 145 123 121 124 101 108 109 94 96 102 94 90 95 119 130 124 113 98 125 125
149 149 147 153 150 143 140 141 136 132 135 131 130 119 119 123 129 126 125 129 129 128 135 132 126 127 124 124 129 133 124 123 129 126 121 123 129 131 140 141 147 147 146 151 151 142 142 146 157 172 159 131 132 138 130 127 130 135 141 151 136 134 148 144 158 149 135 135 129 135 131 141 153 119 116 129 141 129 114 95 108 92 94 104 118 107 103 100 100 109 113 104 96 107 131
147 142 148 153 150 146 142 139 143 141 134 131 135 127 112 115 126 117 119 123 127 131 131 121 122 128 122 120 124 126 119 123 126 121 121 125 133 137 147 146 160 154 145 147 155 155 165 163 147 147 138 131 131 139 140 133 131 147 153 152 154 143 139 134 142 150 154 158 133 145 161 138 149 131 111 118 133 138 101 101 106 91 99 97 97 95 103 120 102 101 115 119 123 127 119
152 146 145 147 145 142 144 143 140 138 134 138 139 129 118 109 114 111 116 119 122 129 130 117 119 119 117 117 117 119 116 120 118 119 122 127 133 140 155 157 172 162 150 153 151 155 161 166 139 129 127 139 135 127 145 148 130 133 142 134 141 154 150 136 134 138 145 161 154 145 163 136 136 134 111 107 111 127 105 99 94 88 91 99 103 104 101 116 114 107 135 140 123 119 106
150 150 151 145 142 140 137 136 137 137 138 141 138 128 123 113 105 106 115 116 119 122 127 122 111 108 112 115 117 118 117 122 121 127 125 131 134 135 147 148 155 161 156 164 157 147 147 143 127 127 141 136 143 140 135 140 144 134 130 143 140 148 153 155 165 166 170 163 150 138 143 133 146 122 123 142 140 133 117 114 96 91 94 104 109 118 105 109 128 119 117 117 102 98 99
147 151 151 146 147 143 137 139 144 139 138 131 129 128 123 121 110 102 114 120 120 118 121 120 110 105 116 123 122 126 122 124 130 135 141 138 143 136 142 144 138 151 159 175 181 172 171 159 127 127 135 137 141 145 128 127 147 144 130 151 155 155 162 160 179 168 155 149 138 133 144 140 134 117 116 130 137 145 124 108 96 93 100 122 108 104 105 111 115 121 123 112 105 113 115
145 144 144 143 143 144 144 138 139 136 134 130 125 122 115 115 111 102 101 107 108 107 108 112 112 110 123 130 133 136 135 129 132 142 156 149 135 134 150 151 135 142 142 154 173 169 162 168 144 137 131 125 129 132 125 123 131 139 132 140 155 161 157 153 157 148 142 141 137 138 154 148 126 122 116 118 122 125 108 97 93 92 105 111 97 96 99 105 110 119 118 104 103 102 100
149 147 144 140 142 143 143 130 128 126 128 129 131 126 117 113 109 101 94 92 100 103 100 105 108 111 120 129 137 135 135 134 135 141 148 142 132 130 143 144 131 143 141 135 142 137 136 146 145 127 127 128 134 140 135 133 146 160 144 137 144 140 138 142 143 151 163 164 150 152 164 142 133 151 149 149 131 125 104 92 90 91 98 90 92 104 112 108 112 121 108 102 109 112 103
145 144 145 144 143 139 140 135 132 130 124 122 130 129 123 116 111 105 99 89 94 92 102 114 121 117 118 121 129 130 130 137 144 144 141 136 135 132 135 140 128 133 131 129 128 127 128 134 134 124 133 131 138 147 143 138 137 159 169 145 136 153 152 145 152 148 154 161 166 164 153 140 142 137 145 143 120 121 115 94 92 93 97 97 102 107 129 122 125 126 107 103 112 129 116
139 140 137 137 139 138 140 143 135 134 131 130 132 123 117 111 104 107 112 100 91 93 111 118 124 127 130 129 136 140 136 135 136 137 135 135 131 132 126 127 126 123 128 129 129 127 128 129 129 134 148 148 131 133 158 166 152 152 171 148 137 154 173 162 160 153 147 152 167 158 143 148 147 122 124 119 104 102 102 92 93 93 95 105 123 110 122 133 137 138 124 111 107 118 121
135 137 141 138 135 136 141 145 133 125 130 135 138 127 123 115 108 116 114 104 93 94 112 117 126 129 137 137 138 141 143 140 141 138 135 134 132 128 126 125 126 132 141 137 149 140 136 143 144 129 136 150 146 135 143 163 173 170 184 157 144 149 172 173 171 169 154 153 154 151 139 148 133 113 119 102 95 90 89 92 92 92 92 100 115 131 129 115 117 127 134 135 125 114 105
135 137 134 139 137 132 136 144 136 130 126 129 125 123 121 113 118 119 110 98 88 100 118 125 134 138 139 144 142 143 143 137 133 129 127 126 128 124 125 125 127 136 153 146 147 145 145 171 175 150 142 159 156 150 145 147 153 161 180 171 178 157 154 162 166 178 167 168 151 148 136 139 131 103 99 96 92 90 90 93 93 97 103 96 97 119 124 107 113 115 116 121 124 114 117
134 140 137 133 131 130 134 137 130 126 125 128 123 123 119 120 123 116 105 89 91 110 130 141 139 145 145 141 142 142 137 131 130 126 125 122 121 121 128 138 125 134 142 135 144 155 159 157 171 168 140 159 166 171 169 154 151 159 158 160 177 168 174 181 165 177 175 158 150 151 140 126 118 96 90 89 93 101 95 94 100 103 117 116 101 103 104 108 131 128 113 117 111 104 117
134 131 134 130 130 136 133 137 133 126 134 137 127 124 128 132 126 118 110 94 90 107 126 141 141 141 143 135 139 141 132 128 126 121 120 122 126 127 135 149 136 126 129 133 151 171 163 150 161 182 156 173 164 164 159 151 163 179 183 178 175 166 162 170 160 166 171 151 149 142 152 133 110 95 90 93 95 107 114 108 115 119 123 128 120 112 116 118 128 140 122 124 118 107 110
